word_ID_full,freq
1,1.532402654121397e-5
2,4.597207962364191e-6
3,9.194415924728382e-6
5,1.2259221232971176e-5
6,9.194415924728382e-6
8,4.597207962364191e-6
9,1.2259221232971176e-5
11,3.064805308242794e-6
12,3.064805308242794e-6
13,3.064805308242794e-6
14,1.532402654121397e-6
15,1.532402654121397e-6
16,1.532402654121397e-6
17,4.597207962364191e-6
18,3.064805308242794e-6
19,3.064805308242794e-6
20,1.0726818578849778e-5
21,9.194415924728382e-6
22,1.3791623887092572e-5
23,1.0726818578849778e-5
24,3.064805308242794e-6
26,4.597207962364191e-6
27,6.129610616485588e-6
28,6.129610616485588e-6
29,6.129610616485588e-6
30,1.532402654121397e-6
32,6.129610616485588e-6
33,3.064805308242794e-6
34,1.3791623887092572e-5
35,1.2259221232971176e-5
36,1.532402654121397e-6
38,3.064805308242794e-6
39,6.129610616485588e-6
41,3.064805308242794e-6
42,1.532402654121397e-6
43,1.532402654121397e-6
44,3.064805308242794e-6
45,1.992123450357816e-4
46,3.2180455736549336e-5
47,6.129610616485588e-6
48,3.064805308242794e-6
49,6.129610616485588e-6
50,7.662013270606985e-6
51,1.6090227868274668e-4
52,3.984246900715632e-5
53,4.597207962364191e-6
54,3.064805308242794e-6
55,1.532402654121397e-6
56,4.597207962364191e-5
57,8.581454863079822e-5
58,3.064805308242794e-6
59,9.194415924728382e-5
60,4.75044822777633e-5
61,3.524526104479213e-5
62,7.202292474370565e-5
63,4.443967696952051e-5
64,7.662013270606985e-6
65,5.8231300856613086e-5
66,3.064805308242794e-6
67,5.2101690240127493e-5
68,4.9036884931884704e-5
69,3.6777663698913526e-5
70,2.9115650428306543e-5
71,6.895811943546286e-5
72,0.002309330799760945
73,1.532402654121397e-5
74,1.532402654121397e-6
75,3.064805308242794e-6
76,1.6856429195335365e-5
77,1.532402654121397e-6
78,6.129610616485588e-6
79,7.662013270606985e-6
80,7.662013270606985e-6
81,7.662013270606985e-6
82,6.129610616485588e-6
83,3.064805308242794e-6
84,4.597207962364191e-6
85,3.064805308242794e-6
86,7.355532739782705e-5
87,1.0726818578849778e-5
88,9.194415924728382e-6
89,6.129610616485588e-6
90,2.2986039811820954e-5
91,6.129610616485588e-6
92,4.597207962364191e-6
93,3.064805308242794e-6
94,1.532402654121397e-6
95,6.129610616485588e-6
96,1.532402654121397e-6
97,6.129610616485588e-6
98,0.0014665093399941769
99,2.7583247774185145e-5
101,9.194415924728382e-6
102,3.064805308242794e-6
103,6.129610616485588e-6
104,1.532402654121397e-6
105,7.662013270606985e-6
106,5.486001501754601e-4
107,1.6856429195335365e-5
108,1.3178662825444015e-4
109,6.129610616485588e-6
110,4.597207962364191e-6
111,1.532402654121397e-6
112,1.532402654121397e-6
113,1.0726818578849778e-5
114,1.6856429195335365e-5
115,1.8388831849456763e-5
116,9.194415924728382e-6
117,3.064805308242794e-6
118,4.597207962364191e-6
119,4.474615750034479e-4
120,1.0726818578849778e-5
121,7.662013270606985e-6
122,4.597207962364191e-6
123,3.064805308242794e-6
124,4.597207962364191e-6
125,1.0726818578849778e-5
126,6.129610616485588e-6
127,1.992123450357816e-5
128,1.3791623887092572e-5
129,3.064805308242794e-6
130,9.194415924728382e-6
131,1.0880058844261918e-4
132,7.662013270606985e-6
133,6.129610616485588e-6
134,4.597207962364191e-6
136,1.0726818578849778e-5
137,4.597207962364191e-6
138,3.064805308242794e-5
139,3.064805308242794e-6
140,2.4518442465942352e-5
141,3.064805308242794e-6
142,1.532402654121397e-6
143,7.662013270606985e-6
145,3.064805308242794e-6
146,6.129610616485588e-6
147,6.129610616485588e-6
148,7.355532739782705e-5
149,3.064805308242794e-6
150,3.831006635303492e-5
151,1.532402654121397e-6
152,4.811744333941186e-4
153,6.129610616485588e-6
154,6.129610616485588e-6
155,1.532402654121397e-6
156,2.4518442465942352e-5
157,1.0726818578849778e-5
158,3.064805308242794e-6
159,1.532402654121397e-6
160,3.371285839067073e-5
161,6.129610616485588e-6
162,3.064805308242794e-6
163,4.597207962364191e-6
164,4.597207962364191e-6
165,1.0726818578849778e-5
166,1.532402654121397e-6
167,4.597207962364191e-6
168,6.129610616485588e-6
169,4.137487166127772e-5
170,4.597207962364191e-6
171,4.597207962364191e-6
173,4.137487166127772e-5
174,2.1453637157699556e-5
175,6.466739200392295e-4
176,1.532402654121397e-6
177,3.064805308242794e-6
178,6.436091147309867e-5
179,2.7583247774185145e-5
180,6.129610616485588e-6
181,6.129610616485588e-6
182,7.662013270606985e-6
183,6.129610616485588e-6
184,1.3791623887092572e-5
185,3.064805308242794e-6
186,7.662013270606985e-6
187,2.9115650428306543e-5
188,4.597207962364191e-6
189,4.597207962364191e-6
190,9.194415924728382e-6
191,2.2986039811820954e-5
192,1.532402654121397e-6
193,6.129610616485588e-6
194,1.532402654121397e-6
195,3.064805308242794e-6
196,1.0726818578849778e-5
198,7.662013270606985e-6
199,3.064805308242794e-5
200,6.129610616485588e-6
201,3.984246900715632e-5
202,2.405872166970593e-4
203,2.2986039811820954e-5
204,1.593698760286253e-4
205,4.597207962364191e-6
206,3.064805308242794e-6
207,1.532402654121397e-6
208,3.064805308242794e-5
209,3.294665706361003e-4
210,9.194415924728382e-6
211,3.064805308242794e-5
212,1.8388831849456763e-5
213,1.532402654121397e-6
214,3.064805308242794e-6
215,1.532402654121397e-6
216,4.597207962364191e-6
217,1.532402654121397e-6
218,4.597207962364191e-6
219,1.0726818578849778e-5
220,6.129610616485588e-6
221,2.4518442465942353e-4
222,6.09896256340316e-4
223,9.194415924728382e-6
224,1.026709778261336e-4
225,5.3634092894248895e-5
226,6.129610616485588e-6
227,3.064805308242794e-6
229,3.064805308242794e-6
230,6.129610616485588e-6
231,4.597207962364191e-6
232,9.194415924728382e-6
233,3.064805308242794e-6
234,7.662013270606985e-6
235,1.532402654121397e-6
236,7.662013270606985e-6
237,6.129610616485588e-6
238,9.194415924728382e-6
239,4.597207962364191e-6
240,9.194415924728382e-6
241,7.662013270606985e-6
242,1.532402654121397e-5
243,1.0726818578849778e-5
244,1.7929111053220344e-4
245,2.8196208835833705e-4
246,1.992123450357816e-5
247,1.3791623887092572e-5
248,1.532402654121397e-6
249,3.064805308242794e-6
250,1.532402654121397e-6
251,4.597207962364191e-6
252,4.597207962364191e-6
253,3.064805308242794e-6
254,1.0726818578849778e-5
255,2.9115650428306543e-5
256,2.574436458923947e-4
257,1.3791623887092572e-5
258,4.597207962364191e-6
259,1.2259221232971176e-5
260,6.129610616485588e-6
261,3.064805308242794e-6
262,4.597207962364191e-6
263,1.532402654121397e-6
264,3.984246900715632e-5
265,4.7657722543175443e-4
266,3.064805308242794e-6
267,1.8388831849456763e-5
268,1.011385751720122e-4
269,4.597207962364191e-6
270,7.662013270606985e-6
271,5.05692875860061e-5
272,1.532402654121397e-6
273,4.597207962364191e-6
274,6.129610616485588e-6
275,4.597207962364191e-6
276,9.194415924728382e-6
277,1.532402654121397e-6
278,4.597207962364191e-6
279,9.194415924728382e-6
280,8.887935393904102e-4
281,4.597207962364191e-6
282,0.0010251773756072145
283,1.2259221232971176e-5
284,4.597207962364191e-6
285,9.194415924728382e-6
286,4.597207962364191e-6
287,1.532402654121397e-6
288,6.129610616485588e-6
290,4.597207962364191e-6
293,4.597207962364191e-6
294,3.064805308242794e-6
296,1.532402654121397e-6
297,1.532402654121397e-6
299,1.532402654121397e-6
300,7.662013270606985e-6
301,1.3791623887092572e-5
302,1.532402654121397e-6
303,3.064805308242794e-6
305,1.532402654121397e-6
306,6.129610616485588e-6
307,9.194415924728382e-6
308,3.064805308242794e-6
309,4.597207962364191e-6
310,1.532402654121397e-6
311,7.662013270606985e-6
312,3.064805308242794e-6
313,7.662013270606985e-6
314,1.532402654121397e-6
316,6.129610616485588e-6
317,1.532402654121397e-6
319,4.597207962364191e-6
320,1.2259221232971176e-5
321,6.129610616485588e-6
322,6.129610616485588e-6
323,4.597207962364191e-6
324,1.0726818578849778e-5
325,1.532402654121397e-6
326,4.597207962364191e-6
327,7.662013270606985e-6
328,1.3791623887092572e-5
329,7.662013270606985e-6
330,4.597207962364191e-6
331,1.532402654121397e-5
332,4.597207962364191e-6
333,1.532402654121397e-6
334,6.129610616485588e-6
335,4.597207962364191e-6
336,4.597207962364191e-6
337,3.064805308242794e-6
338,4.597207962364191e-6
339,1.0726818578849778e-5
340,4.597207962364191e-6
341,4.597207962364191e-6
342,1.532402654121397e-6
343,7.662013270606985e-6
344,5.731185926414025e-4
345,1.532402654121397e-6
346,8.121734066843403e-5
347,4.597207962364191e-6
348,1.3791623887092572e-5
349,3.064805308242794e-6
350,3.6777663698913526e-5
351,1.0726818578849778e-5
352,1.6856429195335365e-5
353,1.0726818578849778e-5
354,1.0726818578849778e-5
355,1.0726818578849778e-5
356,1.0726818578849778e-5
357,1.532402654121397e-6
358,6.129610616485588e-6
359,1.8388831849456763e-5
360,1.0726818578849778e-5
361,1.8388831849456763e-5
362,1.0726818578849778e-5
363,1.532402654121397e-6
364,1.6856429195335365e-5
365,5.3634092894248895e-5
367,1.532402654121397e-6
368,3.064805308242794e-6
369,4.75044822777633e-5
370,1.8388831849456763e-5
371,1.8388831849456763e-4
372,1.2259221232971176e-5
373,1.2259221232971176e-5
374,4.597207962364191e-6
375,3.064805308242794e-6
376,1.3791623887092572e-5
377,1.532402654121397e-6
378,8.274974332255543e-4
379,3.064805308242794e-6
380,0.0035153316885544847
381,7.662013270606985e-6
382,9.194415924728382e-6
383,1.3791623887092572e-5
384,3.064805308242794e-6
385,4.597207962364191e-6
386,4.597207962364191e-6
387,5.516649554837029e-5
388,1.0726818578849778e-5
390,4.597207962364191e-6
391,3.064805308242794e-6
392,1.532402654121397e-6
393,0.0010542930260355212
394,2.1453637157699556e-5
395,9.194415924728382e-6
396,1.900179291110532e-4
397,1.532402654121397e-6
398,9.041175659316241e-5
400,3.371285839067073e-5
401,7.662013270606985e-6
402,4.597207962364191e-6
403,1.3791623887092572e-5
404,1.3791623887092572e-5
405,1.0726818578849778e-5
406,1.6856429195335365e-5
407,2.4518442465942352e-5
408,7.662013270606985e-6
409,4.597207962364191e-6
410,9.194415924728382e-6
411,1.532402654121397e-5
413,6.129610616485588e-6
414,3.064805308242794e-6
416,3.984246900715632e-5
417,1.8388831849456763e-5
418,4.597207962364191e-5
419,4.137487166127772e-5
420,4.75044822777633e-5
421,4.443967696952051e-5
422,6.742571678134146e-5
423,9.6541367209648e-5
424,0.00015783747337450388
425,7.263588580535421e-4
426,3.064805308242794e-6
427,3.064805308242794e-6
428,6.129610616485588e-6
429,7.845901589101553e-4
430,7.662013270606985e-6
431,1.2259221232971176e-5
432,4.597207962364191e-6
433,3.064805308242794e-6
434,7.049052208958426e-5
435,4.597207962364191e-6
436,1.532402654121397e-6
437,3.064805308242794e-6
438,4.597207962364191e-6
439,4.597207962364191e-6
440,4.597207962364191e-6
441,4.597207962364191e-6
442,4.597207962364191e-6
444,3.064805308242794e-6
445,1.532402654121397e-5
446,6.129610616485588e-6
447,4.597207962364191e-6
448,6.129610616485588e-6
449,4.597207962364191e-6
450,7.662013270606985e-6
451,7.662013270606985e-6
452,7.662013270606985e-6
453,1.0726818578849778e-5
454,6.129610616485588e-6
455,4.597207962364191e-6
456,7.662013270606985e-6
457,1.0726818578849778e-5
458,4.597207962364191e-6
459,2.9115650428306543e-5
460,1.2259221232971176e-5
461,7.662013270606985e-6
462,6.129610616485588e-6
463,1.532402654121397e-6
464,1.2259221232971176e-5
465,1.532402654121397e-6
466,4.597207962364191e-6
467,1.532402654121397e-6
468,3.064805308242794e-6
469,8.274974332255543e-4
470,1.2565701763795454e-4
471,1.0726818578849778e-5
472,4.597207962364191e-6
473,4.597207962364191e-6
474,4.75044822777633e-5
475,4.597207962364191e-6
476,4.597207962364191e-6
477,2.528464379300305e-4
478,9.194415924728382e-6
479,6.129610616485588e-6
480,3.064805308242794e-6
481,3.064805308242794e-6
482,4.597207962364191e-6
483,3.064805308242794e-6
484,8.734695128491963e-5
485,3.064805308242794e-6
486,2.513140352759091e-4
487,1.0726818578849778e-5
488,4.597207962364191e-6
489,9.194415924728382e-6
490,1.532402654121397e-6
491,7.662013270606985e-6
492,1.532402654121397e-6
493,3.064805308242794e-6
494,7.662013270606985e-6
495,1.532402654121397e-6
496,6.129610616485588e-6
497,1.532402654121397e-6
498,3.064805308242794e-6
499,3.831006635303492e-5
500,1.532402654121397e-6
501,1.532402654121397e-6
502,6.129610616485588e-6
503,3.064805308242794e-6
504,6.129610616485588e-6
505,1.8235591584044624e-4
506,6.129610616485588e-6
507,6.129610616485588e-6
508,3.064805308242794e-6
509,4.597207962364191e-5
510,7.662013270606985e-6
511,6.129610616485588e-6
512,2.7583247774185145e-5
513,3.5704981841028547e-4
514,9.194415924728382e-6
515,4.597207962364191e-6
516,4.597207962364191e-6
517,4.597207962364191e-6
518,3.064805308242794e-6
519,4.597207962364191e-6
520,4.597207962364191e-6
521,6.129610616485588e-6
522,3.064805308242794e-6
523,7.662013270606985e-6
524,4.597207962364191e-6
525,9.194415924728382e-6
526,1.1493019905910477e-4
527,1.532402654121397e-6
528,3.064805308242794e-6
529,3.999570927256846e-4
530,3.064805308242794e-6
531,8.887935393904103e-5
532,4.597207962364191e-6
533,1.6856429195335365e-5
537,3.064805308242794e-6
539,1.992123450357816e-5
540,9.194415924728382e-6
541,7.662013270606985e-6
542,1.532402654121397e-6
543,3.1567494674900775e-4
544,1.4098104417916853e-4
545,9.194415924728382e-6
546,4.597207962364191e-6
547,4.597207962364191e-6
548,4.597207962364191e-6
549,4.597207962364191e-6
552,4.597207962364191e-6
554,9.194415924728382e-6
555,1.6549948664511087e-4
556,4.597207962364191e-6
557,1.517078627580183e-4
558,1.0726818578849778e-5
559,7.662013270606985e-6
560,4.597207962364191e-6
561,4.597207962364191e-6
562,4.597207962364191e-6
563,6.129610616485588e-6
564,4.597207962364191e-6
565,7.9684938014312645e-05
566,1.1799500436734756e-4
567,6.129610616485588e-6
568,7.662013270606985e-6
569,4.597207962364191e-6
570,3.064805308242794e-6
571,7.9684938014312645e-05
572,4.597207962364191e-6
573,1.1799500436734756e-4
574,4.597207962364191e-6
575,1.532402654121397e-6
576,4.597207962364191e-6
577,1.532402654121397e-6
578,1.532402654121397e-6
579,4.443967696952051e-5
580,2.6050845120063747e-5
581,4.597207962364191e-6
582,3.064805308242794e-6
583,1.0726818578849778e-5
584,3.6777663698913526e-5
585,3.064805308242794e-6
587,2.1453637157699556e-5
588,6.129610616485588e-6
589,3.371285839067073e-5
591,1.532402654121397e-5
592,1.2259221232971176e-5
593,1.992123450357816e-5
594,7.662013270606985e-6
595,7.662013270606985e-6
596,1.532402654121397e-5
597,3.2180455736549336e-5
599,6.129610616485588e-6
600,1.532402654121397e-6
601,3.064805308242794e-6
602,7.662013270606985e-6
603,3.064805308242794e-6
604,1.0726818578849778e-5
605,1.0726818578849778e-5
606,1.532402654121397e-6
607,3.2180455736549336e-5
608,7.662013270606985e-6
609,4.597207962364191e-6
610,1.6856429195335365e-5
611,6.436091147309867e-5
612,1.0726818578849778e-5
613,1.2259221232971176e-4
614,4.597207962364191e-6
615,5.05692875860061e-5
616,3.064805308242794e-6
617,2.9115650428306543e-5
618,0.002571371653615704
619,4.597207962364191e-6
621,4.597207962364191e-6
622,3.064805308242794e-6
623,3.064805308242794e-6
624,3.064805308242794e-6
625,1.3791623887092572e-5
626,4.597207962364191e-6
627,4.597207962364191e-6
628,4.597207962364191e-6
629,9.179091898187168e-4
630,3.064805308242794e-6
631,1.3331903090856153e-4
632,4.597207962364191e-6
633,2.7583247774185145e-5
634,6.129610616485588e-6
635,1.532402654121397e-6
636,7.662013270606985e-6
637,1.532402654121397e-6
638,5.3634092894248895e-5
639,4.597207962364191e-6
640,1.0726818578849778e-5
641,3.064805308242794e-6
642,3.064805308242794e-6
643,2.2986039811820954e-5
644,9.194415924728382e-6
645,1.2259221232971176e-5
646,1.0726818578849778e-5
647,1.0726818578849778e-5
648,1.532402654121397e-6
649,2.1913357953935977e-4
650,7.9684938014312645e-05
651,7.815253536019124e-5
652,1.532402654121397e-6
653,7.9684938014312645e-05
654,3.064805308242794e-6
655,1.4251344683328991e-4
656,5.976370351073448e-5
657,1.8388831849456763e-5
658,1.532402654121397e-6
659,4.597207962364191e-6
660,4.597207962364191e-6
661,3.831006635303492e-5
662,7.662013270606985e-6
663,4.597207962364191e-6
664,4.597207962364191e-6
665,9.194415924728382e-6
666,4.597207962364191e-6
667,4.137487166127772e-5
668,4.597207962364191e-6
669,1.0880058844261918e-4
670,3.6777663698913526e-5
671,7.662013270606985e-6
672,3.064805308242794e-6
673,4.597207962364191e-6
674,3.064805308242794e-6
675,6.129610616485588e-6
676,6.129610616485588e-6
677,3.6777663698913526e-5
678,1.0726818578849778e-5
679,3.064805308242794e-6
680,9.194415924728382e-6
681,4.597207962364191e-5
682,3.064805308242794e-5
683,6.129610616485588e-6
684,1.532402654121397e-6
685,4.290727431539911e-5
686,1.532402654121397e-6
687,1.532402654121397e-5
689,6.282850881897727e-5
690,1.532402654121397e-6
691,3.2180455736549336e-5
692,1.532402654121397e-6
693,1.532402654121397e-6
694,6.129610616485588e-6
695,6.129610616485588e-6
696,1.440458494874113e-4
697,3.064805308242794e-6
698,4.597207962364191e-6
702,4.597207962364191e-6
704,7.662013270606985e-6
705,4.597207962364191e-6
706,9.194415924728382e-6
707,3.064805308242794e-6
708,1.0726818578849778e-5
709,4.443967696952051e-5
710,5.3634092894248895e-5
712,2.2986039811820954e-5
714,3.064805308242794e-6
715,5.516649554837029e-5
717,8.121734066843403e-5
718,4.597207962364191e-6
719,1.6856429195335365e-5
720,1.532402654121397e-6
721,6.129610616485588e-6
722,0.0015952311629403742
723,6.129610616485588e-6
724,7.662013270606985e-6
725,3.064805308242794e-6
726,4.597207962364191e-6
727,3.064805308242794e-6
728,2.2986039811820954e-5
729,4.597207962364191e-6
730,4.597207962364191e-6
731,4.597207962364191e-6
732,3.432581945231929e-4
733,3.064805308242794e-6
734,7.662013270606985e-6
735,1.532402654121397e-6
736,8.274974332255543e-5
737,1.2259221232971176e-5
738,1.532402654121397e-6
739,3.064805308242794e-6
740,6.129610616485588e-6
741,1.532402654121397e-6
742,1.532402654121397e-6
743,4.597207962364191e-6
744,3.064805308242794e-6
745,2.4518442465942352e-5
746,3.064805308242794e-6
747,1.2259221232971176e-5
748,6.129610616485588e-6
749,6.129610616485588e-6
750,7.662013270606985e-6
751,1.6856429195335365e-5
752,4.597207962364191e-6
753,2.6050845120063747e-5
754,3.064805308242794e-6
755,3.064805308242794e-6
756,2.6050845120063747e-5
757,1.8388831849456763e-5
759,1.3791623887092572e-5
760,9.194415924728382e-6
761,1.2259221232971176e-5
762,2.4518442465942352e-5
763,4.597207962364191e-6
764,1.517078627580183e-4
765,2.4518442465942352e-5
766,7.662013270606985e-6
767,4.597207962364191e-6
768,1.532402654121397e-6
769,7.662013270606985e-6
770,4.597207962364191e-6
771,6.129610616485588e-6
772,1.532402654121397e-6
773,9.194415924728382e-6
774,6.129610616485588e-6
775,2.1453637157699556e-5
776,1.8388831849456763e-5
777,4.597207962364191e-6
779,4.597207962364191e-5
780,3.064805308242794e-6
781,1.0726818578849778e-5
782,4.597207962364191e-6
783,5.2101690240127493e-5
784,3.064805308242794e-6
785,6.129610616485588e-6
786,1.532402654121397e-6
787,1.2259221232971176e-5
788,4.597207962364191e-6
789,1.8388831849456763e-5
790,1.532402654121397e-6
791,4.597207962364191e-6
792,6.129610616485588e-6
793,1.992123450357816e-5
794,1.2259221232971176e-5
795,1.532402654121397e-6
796,5.05692875860061e-5
797,3.064805308242794e-6
798,1.0726818578849778e-5
800,9.194415924728382e-6
801,1.0726818578849778e-5
802,2.9115650428306543e-5
804,7.9684938014312645e-05
805,6.129610616485588e-6
806,3.064805308242794e-6
807,1.0726818578849778e-5
808,6.436091147309867e-5
809,1.2259221232971176e-5
810,6.129610616485588e-6
812,1.0726818578849778e-5
813,0.0016917725301500222
814,3.064805308242794e-6
815,6.129610616485588e-6
816,4.597207962364191e-6
817,1.532402654121397e-6
818,7.662013270606985e-6
819,4.597207962364191e-6
820,7.662013270606985e-6
821,5.087576811683038e-4
822,6.129610616485588e-6
823,1.7775870787808205e-4
824,4.597207962364191e-6
825,2.1453637157699556e-5
826,9.194415924728382e-6
827,4.597207962364191e-6
828,1.2259221232971176e-5
829,7.662013270606985e-6
830,1.532402654121397e-6
831,1.2259221232971176e-5
832,4.597207962364191e-6
833,1.532402654121397e-6
834,2.1453637157699556e-5
835,3.064805308242794e-6
836,7.662013270606985e-6
837,6.129610616485588e-6
838,1.532402654121397e-6
839,6.129610616485588e-6
840,2.1453637157699556e-5
841,2.6050845120063747e-5
842,6.129610616485588e-6
843,1.532402654121397e-6
844,1.532402654121397e-6
845,2.1453637157699556e-5
847,4.597207962364191e-6
848,1.3791623887092572e-5
849,4.597207962364191e-6
852,4.597207962364191e-6
853,4.597207962364191e-6
854,3.064805308242794e-6
856,4.597207962364191e-6
857,4.597207962364191e-6
858,5.2101690240127493e-5
859,3.064805308242794e-5
860,7.662013270606985e-6
861,4.597207962364191e-6
862,4.597207962364191e-6
863,1.0726818578849778e-5
864,1.2259221232971176e-5
865,9.194415924728382e-6
866,3.064805308242794e-6
867,1.3791623887092572e-5
868,4.597207962364191e-6
869,3.831006635303492e-5
870,1.2259221232971176e-5
872,2.9115650428306543e-5
873,3.064805308242794e-6
874,1.532402654121397e-5
875,2.1453637157699556e-5
876,1.0726818578849778e-5
877,1.547726680662611e-4
878,1.547726680662611e-4
879,1.547726680662611e-4
880,3.6777663698913526e-5
881,3.064805308242794e-6
882,3.064805308242794e-5
883,3.064805308242794e-6
884,2.9115650428306543e-5
885,4.597207962364191e-6
886,5.2101690240127493e-5
887,3.064805308242794e-6
888,1.532402654121397e-6
889,1.532402654121397e-6
890,4.597207962364191e-6
891,3.064805308242794e-6
892,1.532402654121397e-6
893,1.1033299109674058e-4
894,7.662013270606985e-6
895,5.976370351073448e-5
896,4.597207962364191e-6
897,3.064805308242794e-6
898,0.00125044056576306
899,4.597207962364191e-6
900,1.6856429195335365e-5
901,1.532402654121397e-5
902,7.662013270606985e-6
903,4.597207962364191e-6
904,4.597207962364191e-6
905,6.129610616485588e-6
906,2.4211961935118072e-4
907,3.064805308242794e-6
908,6.742571678134146e-5
909,1.0726818578849778e-5
910,3.064805308242794e-6
911,3.064805308242794e-6
912,4.597207962364191e-6
913,1.532402654121397e-6
914,6.129610616485588e-6
915,1.0726818578849778e-5
916,1.8388831849456763e-5
917,3.064805308242794e-6
918,1.0726818578849778e-5
919,1.0726818578849778e-5
920,1.0726818578849778e-5
921,6.129610616485588e-6
922,1.2259221232971176e-5
923,3.064805308242794e-6
925,3.984246900715632e-5
926,1.532402654121397e-5
927,4.597207962364191e-6
928,4.597207962364191e-5
929,4.597207962364191e-6
930,4.597207962364191e-6
931,7.662013270606985e-6
932,1.532402654121397e-5
933,6.129610616485588e-6
934,4.597207962364191e-6
936,1.3791623887092572e-5
937,2.7583247774185145e-5
938,4.597207962364191e-6
939,1.532402654121397e-6
940,2.9115650428306543e-5
941,2.6050845120063747e-5
942,1.2259221232971176e-5
943,7.662013270606985e-6
944,6.129610616485588e-6
945,1.532402654121397e-6
946,1.3485143356268292e-4
947,1.0726818578849778e-5
948,4.597207962364191e-6
949,3.984246900715632e-5
950,4.597207962364191e-6
951,4.597207962364191e-6
952,8.25965030571433e-4
953,1.992123450357816e-5
954,3.064805308242794e-6
955,1.3791623887092572e-5
956,1.532402654121397e-6
957,3.064805308242794e-6
958,1.4251344683328991e-4
959,4.597207962364191e-6
960,7.815253536019124e-5
962,3.064805308242794e-6
963,3.064805308242794e-5
964,7.662013270606985e-6
965,1.532402654121397e-6
966,6.129610616485588e-6
967,2.2986039811820954e-5
968,4.597207962364191e-6
969,4.597207962364191e-6
970,1.532402654121397e-6
971,1.8388831849456763e-5
972,4.597207962364191e-6
973,9.194415924728382e-6
974,4.597207962364191e-6
975,3.064805308242794e-6
976,7.662013270606985e-6
977,4.597207962364191e-6
978,3.064805308242794e-6
979,1.8388831849456763e-5
980,7.662013270606984e-5
982,1.8388831849456763e-5
983,1.2259221232971176e-5
984,4.597207962364191e-6
985,6.129610616485588e-6
986,1.6856429195335365e-5
987,9.194415924728382e-6
988,7.662013270606985e-6
989,1.6856429195335365e-5
990,4.597207962364191e-5
991,1.3791623887092572e-5
992,4.443967696952051e-5
993,1.992123450357816e-5
994,7.662013270606985e-6
995,0.00015783747337450388
996,1.547726680662611e-4
997,1.8388831849456763e-5
998,1.0726818578849778e-5
999,1.2259221232971176e-5
1000,7.662013270606985e-6
1001,7.662013270606985e-6
1002,3.064805308242794e-6
1003,1.992123450357816e-5
1004,1.8542072114868902e-4
1005,3.064805308242794e-5
1006,1.2259221232971176e-5
1007,6.359471014603797e-4
1008,1.2259221232971176e-5
1009,4.597207962364191e-6
1010,7.662013270606985e-6
1011,4.597207962364191e-6
1012,9.194415924728382e-6
1013,4.597207962364191e-6
1014,2.1147156626875278e-4
1015,5.516649554837029e-5
1016,4.597207962364191e-6
1017,1.532402654121397e-6
1018,6.129610616485588e-6
1019,1.532402654121397e-5
1020,1.0726818578849778e-5
1021,4.75044822777633e-5
1022,1.2259221232971176e-5
1023,4.597207962364191e-6
1024,4.597207962364191e-6
1025,7.662013270606985e-6
1026,4.597207962364191e-6
1027,6.129610616485588e-6
1028,1.532402654121397e-6
1029,6.129610616485588e-6
1030,3.064805308242794e-6
1031,4.597207962364191e-6
1032,3.831006635303492e-5
1033,1.532402654121397e-5
1034,4.597207962364191e-6
1035,4.597207962364191e-6
1036,2.2986039811820954e-5
1037,4.597207962364191e-6
1038,1.532402654121397e-6
1039,1.3791623887092572e-5
1040,4.597207962364191e-6
1041,4.597207962364191e-5
1042,9.194415924728382e-6
1043,5.976370351073448e-5
1044,1.3791623887092572e-5
1045,6.129610616485588e-6
1046,1.2259221232971176e-5
1047,7.662013270606985e-6
1048,9.194415924728382e-6
1049,3.371285839067073e-5
1050,1.7316149991571786e-4
1051,4.443967696952051e-5
1052,4.566559909281763e-4
1053,1.532402654121397e-6
1054,1.532402654121397e-6
1055,4.597207962364191e-6
1056,9.194415924728382e-6
1057,0.00015783747337450388
1058,3.6777663698913526e-5
1059,3.064805308242794e-6
1060,5.3634092894248895e-5
1061,4.597207962364191e-6
1062,7.508773005194845e-5
1063,9.194415924728382e-6
1064,1.0726818578849778e-5
1065,3.064805308242794e-6
1066,2.9115650428306543e-5
1067,3.6777663698913526e-5
1068,9.194415924728382e-6
1069,1.0726818578849778e-5
1070,7.662013270606985e-6
1071,4.597207962364191e-6
1072,4.597207962364191e-6
1073,4.597207962364191e-5
1074,1.6856429195335365e-5
1075,4.9036884931884704e-5
1076,1.532402654121397e-6
1077,3.064805308242794e-5
1078,4.290727431539911e-5
1079,3.064805308242794e-6
1080,3.064805308242794e-6
1081,4.597207962364191e-6
1082,3.064805308242794e-6
1083,1.992123450357816e-5
1084,8.428214597667684e-5
1085,2.7583247774185145e-5
1086,1.532402654121397e-6
1087,6.129610616485588e-6
1088,1.2259221232971176e-5
1089,1.532402654121397e-6
1090,6.129610616485588e-6
1092,1.6856429195335365e-5
1093,1.992123450357816e-5
1094,1.532402654121397e-6
1095,1.532402654121397e-6
1096,1.532402654121397e-6
1097,4.597207962364191e-6
1099,6.129610616485588e-6
1100,4.597207962364191e-6
1101,7.662013270606985e-6
1102,7.662013270606985e-6
1103,7.662013270606985e-6
1105,1.8388831849456763e-5
1106,6.129610616485588e-6
1107,6.129610616485588e-6
1108,5.3634092894248895e-5
1109,1.532402654121397e-6
1110,2.9115650428306543e-5
1111,9.194415924728382e-6
1112,1.3791623887092572e-5
1113,6.129610616485588e-5
1114,7.662013270606985e-6
1115,1.532402654121397e-6
1116,1.532402654121397e-6
1117,1.0726818578849778e-5
1118,1.532402654121397e-6
1119,1.2259221232971176e-5
1120,1.532402654121397e-6
1121,1.532402654121397e-5
1122,8.121734066843403e-5
1123,1.3791623887092572e-5
1124,2.7583247774185145e-5
1126,6.129610616485588e-6
1127,4.597207962364191e-6
1128,7.662013270606985e-6
1129,3.064805308242794e-6
1130,1.532402654121397e-6
1131,8.121734066843403e-5
1132,9.194415924728382e-6
1133,4.597207962364191e-6
1134,9.194415924728382e-6
1135,1.8082351318632483e-4
1136,1.8388831849456763e-5
1137,1.0726818578849778e-5
1138,9.194415924728382e-6
1139,2.4518442465942352e-5
1140,1.4098104417916853e-4
1141,4.198783272292628e-4
1142,1.0726818578849778e-5
1143,4.597207962364191e-6
1144,2.6050845120063747e-5
1145,9.194415924728382e-6
1146,7.662013270606985e-6
1147,1.2259221232971176e-5
1149,6.895811943546286e-5
1150,2.2986039811820954e-5
1151,3.064805308242794e-6
1152,1.532402654121397e-5
1153,2.6050845120063747e-5
1154,3.064805308242794e-6
1155,2.1453637157699556e-5
1156,9.194415924728382e-6
1157,5.05692875860061e-5
1158,1.0726818578849778e-5
1160,3.064805308242794e-5
1161,1.0726818578849778e-5
1162,1.0726818578849778e-5
1163,1.2259221232971176e-5
1164,1.3791623887092572e-5
1165,1.2259221232971176e-5
1166,6.129610616485588e-6
1167,7.662013270606985e-6
1168,3.064805308242794e-6
1169,7.049052208958426e-5
1170,1.3791623887092572e-5
1171,1.7929111053220344e-4
1172,4.290727431539911e-5
1173,7.662013270606985e-6
1174,0.00015783747337450388
1175,5.05692875860061e-5
1176,1.3791623887092572e-5
1177,4.459291723493265e-4
1178,4.597207962364191e-6
1179,9.194415924728382e-6
1180,1.4098104417916853e-4
1181,1.0726818578849778e-5
1182,1.0726818578849778e-5
1184,9.807376986376941e-5
1185,7.049052208958426e-5
1186,4.597207962364191e-6
1187,2.7583247774185145e-5
1188,1.532402654121397e-6
1189,1.532402654121397e-6
1190,2.2986039811820954e-5
1191,1.2259221232971176e-5
1192,2.00744747689903e-4
1193,1.6856429195335365e-5
1194,4.597207962364191e-6
1195,5.05692875860061e-5
1196,4.597207962364191e-6
1197,7.662013270606985e-6
1198,4.597207962364191e-6
1199,4.597207962364191e-6
1200,9.194415924728382e-6
1201,1.532402654121397e-6
1202,1.532402654121397e-6
1203,3.064805308242794e-6
1204,5.102900838224252e-4
1205,2.4518442465942352e-5
1206,2.4518442465942352e-5
1207,1.532402654121397e-5
1209,3.984246900715632e-5
1210,5.3634092894248895e-5
1211,9.194415924728382e-6
1212,7.662013270606985e-6
1213,4.597207962364191e-6
1214,4.597207962364191e-6
1215,6.129610616485588e-6
1216,1.2259221232971176e-5
1217,6.129610616485588e-6
1218,4.290727431539911e-5
1219,3.064805308242794e-6
1220,6.129610616485588e-6
1221,2.7583247774185145e-5
1222,4.597207962364191e-6
1223,6.129610616485588e-6
1224,9.194415924728382e-6
1225,3.064805308242794e-6
1226,4.597207962364191e-6
1227,4.597207962364191e-6
1228,5.2101690240127493e-5
1229,2.7583247774185145e-5
1230,9.194415924728382e-6
1231,4.597207962364191e-6
1232,4.597207962364191e-6
1233,7.662013270606985e-6
1234,7.662013270606985e-6
1235,2.2986039811820954e-5
1236,3.6777663698913526e-5
1237,4.597207962364191e-6
1238,1.0726818578849778e-5
1239,4.597207962364191e-6
1240,1.532402654121397e-6
1241,4.597207962364191e-6
1242,1.532402654121397e-6
1243,4.597207962364191e-6
1244,1.0726818578849778e-5
1245,7.662013270606985e-6
1246,2.7583247774185145e-5
1247,7.662013270606985e-6
1248,6.129610616485588e-6
1249,1.2259221232971176e-5
1250,6.129610616485588e-6
1251,1.2259221232971176e-5
1252,1.2259221232971176e-5
1253,4.597207962364191e-6
1254,3.064805308242794e-6
1255,4.597207962364191e-6
1256,4.597207962364191e-6
1257,1.532402654121397e-6
1258,6.129610616485588e-6
1259,4.597207962364191e-6
1260,2.635732565088803e-4
1261,9.194415924728382e-6
1262,7.9684938014312645e-05
1263,2.1147156626875278e-4
1264,5.6698898202491684e-5
1265,1.2259221232971176e-5
1266,1.2259221232971176e-5
1267,1.9614753972753882e-4
1268,9.194415924728382e-6
1269,6.436091147309867e-5
1270,4.597207962364191e-6
1271,6.129610616485588e-6
1272,3.3099897329022174e-4
1273,1.011385751720122e-4
1274,2.7583247774185145e-5
1275,7.662013270606985e-6
1276,2.6050845120063747e-5
1278,6.589331412722007e-5
1279,2.543788405841519e-4
1280,1.0726818578849778e-5
1281,2.4518442465942352e-5
1282,1.2259221232971176e-4
1283,1.0726818578849778e-5
1284,9.194415924728382e-6
1285,3.064805308242794e-6
1286,1.532402654121397e-6
1287,1.3791623887092572e-5
1288,4.597207962364191e-6
1289,6.129610616485588e-6
1290,4.597207962364191e-6
1291,7.662013270606985e-6
1292,6.129610616485588e-6
1293,7.662013270606985e-6
1294,3.493878051396785e-4
1295,9.807376986376941e-5
1296,1.0726818578849778e-5
1297,1.6856429195335365e-5
1298,1.3791623887092572e-5
1299,3.064805308242794e-6
1300,1.0726818578849778e-5
1301,5.8231300856613086e-5
1302,6.129610616485588e-6
1303,6.589331412722007e-5
1304,1.2565701763795454e-4
1305,3.831006635303492e-5
1306,4.597207962364191e-6
1307,4.520587829658121e-4
1308,2.2986039811820954e-5
1309,3.2180455736549336e-5
1310,1.8388831849456763e-5
1311,2.4518442465942352e-5
1312,6.129610616485588e-6
1313,0.0014726389506106625
1314,3.064805308242794e-6
1315,1.992123450357816e-5
1316,9.194415924728382e-6
1317,6.129610616485588e-6
1318,3.064805308242794e-6
1319,1.532402654121397e-6
1320,4.597207962364191e-6
1321,6.129610616485588e-6
1322,4.597207962364191e-6
1323,2.2986039811820954e-5
1324,1.992123450357816e-5
1325,1.2259221232971176e-5
1327,9.194415924728382e-6
1328,5.6698898202491684e-5
1329,1.0726818578849778e-5
1330,3.064805308242794e-6
1331,9.194415924728382e-6
1332,1.992123450357816e-5
1333,3.064805308242794e-6
1334,1.532402654121397e-5
1335,1.2259221232971176e-5
1336,1.2259221232971176e-5
1337,9.194415924728382e-6
1338,1.0726818578849778e-5
1339,6.129610616485588e-6
1340,4.597207962364191e-6
1341,5.976370351073448e-5
1342,1.532402654121397e-6
1343,2.9115650428306543e-5
1344,7.662013270606985e-6
1345,1.3791623887092572e-5
1346,7.662013270606985e-6
1347,7.662013270606985e-6
1348,9.194415924728382e-6
1349,3.064805308242794e-6
1350,1.532402654121397e-6
1351,3.064805308242794e-5
1352,6.129610616485588e-6
1353,4.443967696952051e-5
1354,6.129610616485588e-6
1355,2.7583247774185145e-5
1356,2.7583247774185145e-5
1357,4.597207962364191e-6
1358,9.194415924728382e-6
1359,1.532402654121397e-6
1360,4.290727431539911e-5
1361,1.532402654121397e-5
1362,1.2259221232971176e-5
1363,1.3791623887092572e-5
1364,6.129610616485588e-6
1365,9.194415924728382e-6
1366,6.129610616485588e-6
1367,7.662013270606985e-6
1368,7.049052208958426e-5
1369,2.4518442465942352e-5
1370,4.597207962364191e-6
1371,1.7622630522396064e-4
1372,1.532402654121397e-6
1373,4.597207962364191e-6
1374,1.1799500436734756e-4
1375,0.00131633387989028
1376,7.202292474370565e-5
1377,1.532402654121397e-6
1378,6.129610616485588e-6
1379,6.589331412722007e-5
1380,1.2259221232971176e-5
1381,1.0726818578849778e-5
1382,4.443967696952051e-5
1383,7.662013270606985e-6
1384,4.597207962364191e-6
1385,1.3791623887092572e-5
1386,1.2259221232971176e-5
1387,6.129610616485588e-6
1388,1.2259221232971176e-5
1389,4.5818839358229766e-4
1390,7.508773005194845e-5
1391,3.064805308242794e-5
1392,9.194415924728382e-6
1393,1.0726818578849778e-5
1395,7.049052208958426e-5
1396,1.2259221232971176e-5
1397,0.0018465451982162832
1398,3.371285839067073e-5
1399,6.129610616485588e-6
1400,1.1493019905910477e-4
1401,1.2718942029207595e-4
1402,6.282850881897727e-5
1403,3.064805308242794e-6
1404,2.2986039811820954e-5
1405,5.8231300856613086e-5
1406,2.6050845120063747e-5
1407,4.597207962364191e-6
1408,6.129610616485588e-6
1409,3.064805308242794e-6
1410,1.0726818578849778e-5
1411,3.064805308242794e-6
1412,3.064805308242794e-6
1413,1.2259221232971176e-5
1414,1.532402654121397e-6
1415,4.597207962364191e-6
1416,4.597207962364191e-6
1417,7.662013270606985e-6
1418,1.992123450357816e-5
1419,3.064805308242794e-6
1421,3.984246900715632e-5
1422,6.129610616485588e-6
1423,1.3791623887092572e-5
1424,1.3791623887092572e-5
1425,7.355532739782705e-5
1426,1.532402654121397e-5
1427,4.290727431539911e-5
1428,9.041175659316241e-5
1429,1.593698760286253e-4
1430,5.8231300856613086e-5
1431,3.064805308242794e-6
1432,2.9115650428306543e-5
1433,6.129610616485588e-6
1434,9.194415924728382e-6
1435,4.597207962364191e-6
1436,3.064805308242794e-6
1437,1.6856429195335365e-5
1438,3.463229998314357e-4
1439,1.532402654121397e-5
1440,2.2066598219348116e-4
1441,3.064805308242794e-6
1442,7.662013270606985e-6
1443,9.194415924728382e-6
1444,3.064805308242794e-6
1445,7.662013270606985e-6
1446,4.443967696952051e-5
1447,2.4518442465942352e-5
1448,1.6856429195335365e-5
1449,1.0726818578849778e-5
1450,9.347656190140522e-5
1451,3.984246900715632e-5
1452,5.05692875860061e-5
1453,7.662013270606985e-6
1454,3.064805308242794e-6
1455,6.129610616485588e-6
1457,4.597207962364191e-6
1458,2.7736488039597286e-4
1459,1.6856429195335365e-5
1461,6.129610616485588e-6
1462,5.8231300856613086e-5
1463,4.597207962364191e-6
1464,7.662013270606985e-6
1465,4.489939776575693e-4
1466,1.547726680662611e-4
1467,6.129610616485588e-6
1468,9.50089645555266e-5
1469,2.3905481404293792e-4
1470,1.532402654121397e-6
1471,2.7583247774185145e-5
1472,2.880916989748226e-4
1473,1.532402654121397e-6
1474,1.1339779640498337e-4
1475,1.0420338048025499e-4
1476,6.129610616485588e-6
1477,1.532402654121397e-6
1478,9.194415924728382e-6
1479,1.2259221232971176e-5
1480,7.508773005194845e-5
1481,2.9115650428306543e-5
1482,3.064805308242794e-6
1483,6.129610616485588e-6
1484,1.532402654121397e-6
1485,6.129610616485588e-6
1486,1.532402654121397e-6
1487,0.00125044056576306
1488,4.597207962364191e-6
1489,1.1646260171322617e-4
1490,8.274974332255543e-5
1491,1.3791623887092572e-5
1492,1.3791623887092572e-4
1493,6.129610616485588e-6
1494,7.662013270606985e-6
1495,1.0726818578849778e-5
1496,9.194415924728382e-6
1497,2.1453637157699556e-5
1498,6.129610616485588e-6
1499,4.597207962364191e-6
1500,1.7162909726159645e-4
1501,1.532402654121397e-6
1503,4.597207962364191e-6
1504,1.532402654121397e-6
1505,1.532402654121397e-6
1506,6.129610616485588e-6
1507,7.662013270606985e-6
1508,1.6856429195335365e-5
1509,7.815253536019124e-5
1510,1.2259221232971176e-5
1511,4.597207962364191e-6
1512,1.6856429195335365e-5
1513,3.064805308242794e-6
1514,6.282850881897727e-5
1515,2.4518442465942352e-5
1516,5.976370351073448e-5
1517,3.064805308242794e-6
1518,9.041175659316241e-5
1519,4.597207962364191e-6
1520,1.0726818578849778e-5
1521,1.6856429195335365e-5
1522,5.271465130177606e-4
1523,1.532402654121397e-6
1524,1.6243468133686807e-4
1525,7.662013270606985e-6
1526,9.194415924728382e-6
1527,1.532402654121397e-6
1528,3.064805308242794e-5
1529,2.2986039811820954e-5
1530,3.064805308242794e-6
1531,1.532402654121397e-6
1532,2.2986039811820954e-5
1533,1.6856429195335365e-5
1534,6.129610616485588e-6
1535,1.532402654121397e-6
1536,3.064805308242794e-6
1537,9.194415924728382e-6
1538,4.4286436704108373e-4
1539,3.984246900715632e-5
1541,4.597207962364191e-6
1542,1.532402654121397e-5
1543,2.4518442465942352e-5
1544,1.0726818578849778e-5
1545,4.597207962364191e-6
1546,1.3791623887092572e-5
1547,1.532402654121397e-5
1548,3.064805308242794e-5
1549,3.064805308242794e-6
1550,1.6856429195335365e-5
1551,4.597207962364191e-6
1552,3.064805308242794e-6
1553,1.2259221232971176e-5
1554,6.742571678134146e-5
1555,1.532402654121397e-6
1556,4.597207962364191e-6
1557,9.194415924728382e-6
1558,1.6856429195335365e-5
1559,2.2986039811820954e-5
1560,7.662013270606985e-6
1561,3.6777663698913526e-5
1562,5.3634092894248895e-5
1563,1.532402654121397e-6
1565,2.9115650428306543e-5
1566,4.597207962364191e-6
1567,1.0726818578849778e-5
1568,1.0726818578849778e-5
1569,4.597207962364191e-6
1571,1.7775870787808205e-4
1572,1.992123450357816e-5
1573,2.9115650428306543e-5
1574,7.049052208958426e-5
1575,4.597207962364191e-6
1576,4.597207962364191e-6
1577,1.532402654121397e-6
1578,7.662013270606985e-6
1579,3.831006635303492e-5
1580,7.662013270606985e-6
1581,1.532402654121397e-6
1582,4.443967696952051e-5
1584,2.4518442465942352e-5
1585,1.992123450357816e-5
1586,2.2986039811820954e-5
1587,1.532402654121397e-5
1588,1.6856429195335365e-5
1589,4.597207962364191e-6
1590,9.194415924728382e-6
1591,7.662013270606985e-6
1592,1.0726818578849778e-5
1593,7.662013270606985e-6
1594,1.0726818578849778e-5
1595,1.532402654121397e-5
1596,9.194415924728382e-6
1597,9.194415924728382e-6
1598,6.129610616485588e-6
1599,9.194415924728382e-6
1600,4.597207962364191e-6
1601,1.2259221232971176e-5
1602,6.129610616485588e-6
1603,6.282850881897727e-5
1604,1.2259221232971176e-5
1605,1.992123450357816e-5
1606,2.2986039811820954e-5
1607,3.064805308242794e-6
1608,1.2259221232971176e-5
1609,1.6856429195335365e-5
1610,1.2259221232971176e-5
1611,9.194415924728382e-6
1612,3.064805308242794e-6
1613,1.8388831849456763e-5
1614,2.7583247774185145e-5
1615,6.129610616485588e-6
1616,4.597207962364191e-6
1617,6.129610616485588e-6
1618,1.0726818578849778e-5
1619,7.662013270606985e-6
1620,6.129610616485588e-6
1621,1.2259221232971176e-5
1622,1.8388831849456763e-5
1623,1.532402654121397e-6
1624,1.532402654121397e-6
1625,6.589331412722007e-5
1626,6.129610616485588e-6
1627,5.700537873331597e-4
1628,7.508773005194845e-5
1629,1.3791623887092572e-5
1630,6.129610616485588e-6
1631,4.443967696952051e-5
1632,9.96061725178908e-5
1633,7.662013270606985e-6
1634,6.129610616485588e-6
1635,7.662013270606985e-6
1636,3.064805308242794e-6
1637,3.064805308242794e-6
1638,1.1339779640498337e-4
1639,6.129610616485588e-6
1640,2.942213095913082e-4
1641,1.0726818578849778e-5
1642,6.129610616485588e-6
1643,1.532402654121397e-5
1644,3.064805308242794e-6
1645,6.129610616485588e-6
1646,3.2180455736549336e-5
1647,1.7009669460747506e-4
1648,6.742571678134146e-5
1649,6.436091147309867e-5
1650,3.064805308242794e-6
1651,3.064805308242794e-6
1652,2.4518442465942352e-5
1653,2.4518442465942352e-5
1654,4.597207962364191e-6
1655,4.597207962364191e-6
1656,2.1453637157699556e-5
1657,4.597207962364191e-6
1659,7.662013270606985e-6
1660,4.597207962364191e-6
1661,3.2180455736549336e-5
1662,3.2180455736549336e-5
1663,1.532402654121397e-6
1664,3.7237384495149945e-4
1665,6.129610616485588e-6
1666,9.50089645555266e-5
1667,3.064805308242794e-6
1668,4.597207962364191e-6
1669,1.0726818578849778e-5
1670,6.129610616485588e-6
1671,4.597207962364191e-6
1672,7.662013270606985e-6
1673,9.194415924728382e-6
1674,3.064805308242794e-6
1675,1.532402654121397e-5
1676,7.662013270606985e-6
1677,9.194415924728382e-6
1678,9.6541367209648e-5
1679,1.8388831849456763e-5
1681,4.597207962364191e-6
1682,9.194415924728382e-6
1683,9.194415924728382e-6
1684,3.064805308242794e-6
1685,7.662013270606985e-6
1686,3.371285839067073e-5
1687,0.00015783747337450388
1688,9.194415924728382e-6
1689,3.3253137594434315e-4
1690,4.597207962364191e-5
1691,9.194415924728382e-6
1692,1.0726818578849778e-5
1693,1.0726818578849778e-5
1695,5.409381369048532e-4
1696,3.064805308242794e-6
1697,5.2101690240127493e-5
1698,4.597207962364191e-6
1699,1.532402654121397e-6
1700,4.597207962364191e-6
1701,9.194415924728382e-6
1702,1.532402654121397e-6
1703,7.662013270606985e-6
1704,2.4518442465942352e-5
1705,4.597207962364191e-6
1706,1.3791623887092572e-5
1707,7.662013270606985e-6
1708,1.8388831849456763e-5
1709,1.532402654121397e-6
1710,1.0726818578849778e-5
1711,4.597207962364191e-6
1712,4.597207962364191e-6
1713,6.129610616485588e-6
1714,3.064805308242794e-6
1715,2.9115650428306543e-5
1716,2.1453637157699556e-5
1717,1.3791623887092572e-5
1719,4.597207962364191e-6
1720,1.0726818578849778e-5
1721,4.597207962364191e-6
1722,7.662013270606985e-6
1723,3.064805308242794e-5
1724,1.532402654121397e-6
1725,3.064805308242794e-6
1726,1.532402654121397e-5
1727,3.064805308242794e-6
1728,1.0420338048025499e-4
1729,1.026709778261336e-4
1730,1.532402654121397e-6
1731,6.129610616485588e-6
1732,1.3791623887092572e-5
1733,9.194415924728382e-6
1735,2.7583247774185145e-5
1737,4.137487166127772e-5
1739,2.1453637157699556e-5
1740,4.597207962364191e-6
1741,3.2180455736549336e-5
1742,1.532402654121397e-5
1743,4.597207962364191e-6
1744,6.129610616485588e-6
1745,3.064805308242794e-6
1746,3.064805308242794e-6
1747,1.0726818578849778e-5
1748,6.129610616485588e-6
1749,1.1493019905910477e-4
1750,4.597207962364191e-6
1751,4.597207962364191e-6
1752,1.532402654121397e-6
1753,1.1033299109674058e-4
1754,1.2565701763795454e-4
1755,2.6050845120063747e-5
1756,3.2180455736549336e-5
1757,1.992123450357816e-5
1758,9.194415924728382e-6
1759,6.129610616485588e-6
1760,4.597207962364191e-6
1761,7.662013270606985e-6
1762,1.532402654121397e-6
1763,3.064805308242794e-6
1764,4.597207962364191e-6
1765,5.8231300856613086e-5
1766,2.6050845120063747e-5
1767,8.887935393904103e-5
1768,5.976370351073448e-5
1769,3.2180455736549336e-5
1770,1.532402654121397e-6
1771,6.129610616485588e-6
1772,9.194415924728382e-6
1773,6.129610616485588e-6
1774,1.2259221232971176e-5
1775,8.887935393904103e-5
1776,1.3485143356268292e-4
1777,1.0726818578849778e-5
1778,1.3791623887092572e-5
1779,1.2872182294619734e-4
1780,1.532402654121397e-5
1781,1.0726818578849778e-5
1782,4.597207962364191e-6
1783,1.2259221232971176e-5
1784,7.508773005194845e-5
1785,9.194415924728382e-6
1787,8.137058093384618e-4
1788,3.6777663698913526e-5
1789,3.831006635303492e-5
1790,1.7929111053220344e-4
1791,2.1453637157699556e-5
1792,1.3791623887092572e-5
1793,7.662013270606985e-6
1794,1.992123450357816e-5
1795,6.129610616485588e-6
1796,1.2872182294619734e-4
1797,6.129610616485588e-6
1798,7.662013270606985e-6
1799,7.662013270606985e-6
1800,6.129610616485588e-6
1801,7.662013270606985e-6
1803,1.0726818578849778e-5
1804,1.532402654121397e-6
1805,1.992123450357816e-5
1806,2.1606877423111697e-4
1807,8.581454863079822e-5
1808,3.064805308242794e-6
1809,6.129610616485588e-6
1810,3.524526104479213e-4
1811,6.895811943546286e-5
1812,9.194415924728382e-6
1813,4.597207962364191e-6
1814,7.9684938014312645e-05
1815,4.597207962364191e-6
1816,1.8388831849456763e-5
1817,3.831006635303492e-5
1818,1.8388831849456763e-5
1819,6.696599598510505e-4
1820,1.547726680662611e-4
1821,1.532402654121397e-6
1822,6.129610616485588e-6
1823,6.129610616485588e-6
1824,7.662013270606985e-6
1825,6.129610616485588e-6
1826,1.532402654121397e-5
1827,2.1453637157699556e-5
1828,1.6856429195335365e-5
1829,1.2259221232971176e-5
1830,1.2718942029207595e-4
1831,5.2101690240127493e-5
1832,1.992123450357816e-5
1833,3.064805308242794e-6
1834,3.064805308242794e-6
1835,1.992123450357816e-5
1836,1.6856429195335365e-5
1837,4.597207962364191e-6
1838,5.179520970930322e-4
1839,3.064805308242794e-6
1840,3.6777663698913526e-5
1841,3.064805308242794e-6
1842,9.194415924728382e-6
1843,7.662013270606985e-6
1844,7.662013270606985e-6
1846,3.831006635303492e-5
1847,3.432581945231929e-4
1848,3.064805308242794e-6
1850,7.202292474370565e-5
1851,1.2259221232971176e-5
1852,1.6856429195335365e-5
1853,3.064805308242794e-6
1854,2.6050845120063747e-5
1855,5.2101690240127493e-5
1856,1.3791623887092572e-5
1857,1.6396708399098948e-4
1859,6.129610616485588e-6
1861,1.7929111053220344e-4
1862,1.532402654121397e-6
1863,1.2259221232971176e-5
1864,3.064805308242794e-6
1865,2.1453637157699556e-5
1866,2.2986039811820954e-5
1867,9.194415924728382e-6
1868,3.6777663698913526e-5
1869,2.482492299676663e-4
1870,9.194415924728382e-5
1871,2.1300396892287416e-4
1872,3.2180455736549336e-5
1873,3.555174157561641e-4
1874,2.2986039811820954e-4
1875,9.194415924728382e-6
1876,2.1147156626875278e-4
1877,1.0880058844261918e-4
1878,0.0013837595966716214
1880,2.1453637157699556e-5
1881,1.3791623887092572e-5
1882,6.129610616485588e-6
1883,3.371285839067073e-5
1884,1.2259221232971176e-5
1885,6.129610616485588e-5
1886,1.3791623887092572e-5
1887,6.129610616485588e-6
1888,1.3025422560031873e-4
1889,7.662013270606985e-6
1890,6.589331412722007e-5
1891,1.0726818578849778e-5
1892,5.6698898202491684e-5
1893,7.662013270606985e-6
1894,3.984246900715632e-5
1895,3.064805308242794e-6
1896,6.129610616485588e-6
1897,9.347656190140522e-5
1898,6.282850881897727e-5
1899,7.662013270606985e-6
1900,7.202292474370565e-5
1901,1.4251344683328991e-4
1902,1.532402654121397e-6
1903,6.129610616485588e-6
1904,1.532402654121397e-6
1905,2.8196208835833705e-4
1906,7.662013270606985e-6
1907,6.129610616485588e-6
1909,4.597207962364191e-6
1910,4.597207962364191e-6
1911,4.597207962364191e-6
1912,3.524526104479213e-5
1913,1.6856429195335365e-5
1914,9.194415924728382e-6
1915,7.662013270606985e-6
1916,1.532402654121397e-6
1917,1.0726818578849778e-5
1918,3.064805308242794e-6
1919,4.597207962364191e-6
1920,6.129610616485588e-6
1921,1.532402654121397e-6
1922,1.8388831849456763e-5
1923,7.662013270606985e-6
1924,1.8388831849456763e-5
1925,4.597207962364191e-6
1926,4.597207962364191e-6
1927,3.064805308242794e-6
1928,7.662013270606985e-6
1929,9.194415924728382e-6
1930,4.597207962364191e-6
1931,7.049052208958426e-5
1932,7.662013270606985e-6
1934,6.129610616485588e-6
1935,9.194415924728382e-6
1936,3.064805308242794e-6
1937,3.064805308242794e-6
1938,6.129610616485588e-6
1939,3.371285839067073e-5
1940,3.371285839067073e-5
1941,1.0726818578849778e-5
1942,6.129610616485588e-6
1943,1.0726818578849778e-5
1944,4.597207962364191e-5
1945,1.2259221232971176e-5
1946,1.2259221232971176e-5
1947,4.75044822777633e-5
1948,3.2180455736549336e-5
1949,7.662013270606985e-6
1950,4.597207962364191e-6
1951,7.662013270606985e-6
1952,1.3791623887092572e-5
1953,3.064805308242794e-6
1954,1.0573578313437639e-4
1955,6.129610616485588e-6
1956,7.662013270606985e-6
1957,3.064805308242794e-6
1958,1.532402654121397e-5
1960,3.064805308242794e-6
1961,6.129610616485588e-6
1962,3.064805308242794e-6
1963,7.202292474370565e-5
1965,4.75044822777633e-5
1966,7.662013270606985e-6
1967,4.597207962364191e-6
1968,1.0726818578849778e-5
1969,4.597207962364191e-6
1970,3.064805308242794e-6
1971,4.597207962364191e-6
1972,3.064805308242794e-6
1974,6.742571678134146e-5
1975,2.4518442465942352e-5
1976,2.2986039811820954e-5
1977,4.75044822777633e-5
1978,7.662013270606985e-6
1979,3.064805308242794e-6
1980,9.194415924728382e-6
1981,3.2180455736549336e-5
1982,5.2101690240127493e-5
1983,3.064805308242794e-6
1984,1.3791623887092572e-5
1985,3.064805308242794e-6
1986,4.9036884931884704e-5
1987,1.6856429195335365e-5
1988,1.501754601038969e-4
1989,1.8848552645693182e-4
1990,4.75044822777633e-5
1991,1.1799500436734756e-4
1992,1.532402654121397e-6
1993,2.4518442465942352e-5
1994,1.8388831849456763e-5
1995,1.0726818578849778e-5
1996,1.8388831849456763e-5
1997,9.194415924728382e-6
1998,3.064805308242794e-6
1999,9.194415924728382e-6
2000,3.524526104479213e-5
2001,4.597207962364191e-6
2002,3.064805308242794e-6
2003,3.2640176532785755e-4
2004,1.532402654121397e-6
2005,3.064805308242794e-6
2006,7.662013270606985e-6
2007,4.597207962364191e-6
2008,2.405872166970593e-4
2009,1.2872182294619734e-4
2010,1.2259221232971176e-5
2011,6.129610616485588e-6
2012,1.0726818578849778e-5
2013,3.064805308242794e-6
2014,1.2718942029207595e-4
2015,1.2259221232971176e-5
2016,1.2105980967559036e-4
2017,1.8235591584044624e-4
2018,3.064805308242794e-6
2019,1.3791623887092572e-5
2020,7.662013270606985e-6
2021,3.064805308242794e-6
2022,7.662013270606985e-6
2023,3.064805308242794e-6
2024,2.1453637157699556e-5
2025,1.3178662825444015e-4
2026,1.6856429195335365e-5
2027,4.597207962364191e-6
2028,3.064805308242794e-6
2029,1.992123450357816e-5
2030,1.8388831849456763e-5
2031,1.532402654121397e-5
2032,1.0726818578849778e-5
2033,1.3791623887092572e-5
2034,1.8388831849456763e-5
2035,1.0726818578849778e-5
2036,1.8388831849456763e-5
2037,1.532402654121397e-6
2038,5.516649554837029e-5
2039,2.880916989748226e-4
2040,2.7583247774185145e-5
2042,9.194415924728382e-6
2043,4.597207962364191e-6
2044,7.202292474370565e-5
2045,3.2180455736549336e-5
2046,7.662013270606985e-6
2047,2.7583247774185145e-5
2048,3.371285839067073e-5
2049,3.2180455736549336e-5
2050,1.532402654121397e-6
2051,4.597207962364191e-6
2052,4.597207962364191e-6
2053,9.194415924728382e-6
2054,4.597207962364191e-6
2055,1.1799500436734756e-4
2056,6.129610616485588e-6
2057,3.6777663698913526e-5
2058,2.2986039811820954e-5
2059,3.064805308242794e-6
2060,1.0726818578849778e-5
2061,4.597207962364191e-6
2063,4.597207962364191e-6
2064,1.992123450357816e-5
2065,5.8231300856613086e-5
2066,1.2259221232971176e-5
2067,2.1453637157699556e-5
2068,1.0726818578849778e-5
2069,1.532402654121397e-6
2070,9.041175659316241e-5
2071,4.137487166127772e-5
2072,9.194415924728382e-6
2073,7.662013270606985e-6
2074,5.976370351073448e-5
2075,3.064805308242794e-6
2076,3.984246900715632e-5
2077,1.8388831849456763e-5
2078,4.597207962364191e-6
2079,1.8388831849456763e-5
2080,4.290727431539911e-5
2081,2.6050845120063747e-5
2082,3.064805308242794e-6
2083,7.815253536019124e-5
2084,1.93082734419296e-4
2085,3.831006635303492e-5
2086,9.194415924728382e-6
2087,1.8388831849456763e-5
2088,2.1453637157699556e-5
2089,7.662013270606985e-6
2090,3.2180455736549336e-5
2091,4.597207962364191e-6
2092,6.129610616485588e-6
2093,7.662013270606985e-6
2094,1.9155033176517463e-4
2095,5.976370351073448e-5
2096,7.662013270606985e-6
2097,1.501754601038969e-4
2098,1.6856429195335365e-5
2099,6.129610616485588e-6
2100,4.597207962364191e-6
2101,1.3791623887092572e-5
2102,1.6856429195335365e-5
2103,9.194415924728382e-6
2104,9.194415924728382e-6
2105,3.6777663698913526e-5
2106,7.662013270606985e-6
2107,3.064805308242794e-6
2108,3.064805308242794e-6
2109,6.129610616485588e-6
2110,3.064805308242794e-6
2111,3.064805308242794e-6
2112,3.064805308242794e-6
2113,1.532402654121397e-5
2115,4.597207962364191e-6
2116,6.129610616485588e-6
2117,6.129610616485588e-6
2118,6.129610616485588e-6
2119,3.064805308242794e-6
2120,1.992123450357816e-5
2121,3.064805308242794e-6
2122,6.129610616485588e-6
2123,9.194415924728382e-6
2124,8.887935393904103e-5
2125,3.064805308242794e-6
2126,4.137487166127772e-5
2127,3.064805308242794e-6
2128,1.532402654121397e-6
2129,3.064805308242794e-6
2130,3.064805308242794e-6
2131,1.3791623887092572e-5
2132,4.597207962364191e-6
2133,1.6856429195335365e-5
2134,1.2259221232971176e-5
2135,4.597207962364191e-6
2136,4.290727431539911e-5
2137,9.347656190140522e-5
2139,1.0880058844261918e-4
2140,4.597207962364191e-6
2141,3.064805308242794e-6
2142,1.6856429195335365e-5
2143,4.597207962364191e-6
2144,3.064805308242794e-6
2145,1.3791623887092572e-5
2146,1.8388831849456763e-5
2147,1.026709778261336e-4
2148,7.662013270606985e-6
2149,1.0726818578849778e-5
2150,1.2105980967559036e-4
2151,2.7583247774185145e-5
2152,6.129610616485588e-6
2153,6.129610616485588e-6
2154,9.194415924728382e-6
2155,1.2565701763795454e-4
2156,1.532402654121397e-6
2157,6.129610616485588e-6
2158,7.9684938014312645e-05
2159,3.984246900715632e-5
2160,5.05692875860061e-5
2161,4.443967696952051e-5
2162,1.8388831849456763e-4
2163,3.371285839067073e-5
2164,1.992123450357816e-5
2165,4.597207962364191e-6
2166,5.6698898202491684e-5
2167,1.0726818578849778e-5
2168,1.2105980967559036e-4
2169,3.064805308242794e-6
2170,1.517078627580183e-4
2171,4.597207962364191e-6
2172,4.597207962364191e-6
2173,7.662013270606985e-6
2174,7.662013270606985e-6
2175,7.662013270606985e-6
2176,7.815253536019124e-5
2177,1.6856429195335365e-5
2179,1.3791623887092572e-5
2180,1.532402654121397e-5
2181,9.194415924728382e-6
2182,1.992123450357816e-5
2183,7.355532739782705e-5
2184,4.290727431539911e-5
2185,9.194415924728382e-6
2186,4.597207962364191e-6
2187,3.064805308242794e-6
2188,7.508773005194845e-5
2189,3.831006635303492e-5
2190,6.129610616485588e-6
2191,4.597207962364191e-6
2192,1.0726818578849778e-5
2193,1.532402654121397e-6
2194,1.992123450357816e-5
2195,1.992123450357816e-5
2196,4.597207962364191e-6
2197,5.3634092894248895e-5
2198,9.194415924728382e-6
2199,1.6856429195335365e-5
2200,7.662013270606985e-6
2201,9.194415924728382e-6
2202,5.05692875860061e-5
2203,3.064805308242794e-6
2204,3.984246900715632e-5
2205,6.129610616485588e-6
2206,3.064805308242794e-6
2207,6.129610616485588e-6
2208,3.064805308242794e-6
2209,3.2180455736549336e-5
2210,1.532402654121397e-6
2211,4.2907274315399116e-4
2212,1.532402654121397e-6
2213,1.992123450357816e-5
2214,7.662013270606985e-6
2215,1.532402654121397e-6
2216,3.064805308242794e-6
2217,9.194415924728382e-6
2218,3.064805308242794e-6
2219,1.026709778261336e-4
2220,1.3791623887092572e-5
2222,1.0726818578849778e-5
2223,5.3634092894248895e-5
2224,1.3638383621680434e-4
2225,3.524526104479213e-5
2226,9.194415924728382e-6
2227,2.7583247774185145e-5
2228,2.4518442465942352e-5
2229,3.064805308242794e-6
2230,0.001598295968248617
2231,4.137487166127772e-5
2232,6.298174908438941e-4
2233,6.129610616485588e-6
2234,6.129610616485588e-6
2235,1.3638383621680434e-4
2236,1.0726818578849778e-5
2237,3.064805308242794e-6
2239,9.194415924728382e-6
2240,7.662013270606985e-6
2241,5.2101690240127493e-5
2242,6.129610616485588e-6
2243,6.129610616485588e-6
2244,4.597207962364191e-6
2245,2.4518442465942352e-5
2246,9.194415924728382e-6
2247,3.984246900715632e-5
2248,4.75044822777633e-5
2249,4.597207962364191e-6
2250,4.597207962364191e-6
2251,1.992123450357816e-5
2252,2.2986039811820954e-5
2253,2.528464379300305e-4
2254,1.532402654121397e-6
2255,4.597207962364191e-6
2256,1.2259221232971176e-5
2257,3.984246900715632e-5
2258,6.129610616485588e-5
2259,1.0726818578849778e-5
2260,4.597207962364191e-6
2261,5.3634092894248895e-5
2262,1.2259221232971176e-5
2263,1.992123450357816e-5
2264,4.597207962364191e-6
2265,1.3791623887092572e-5
2266,3.371285839067073e-5
2267,4.9036884931884704e-5
2268,1.3791623887092572e-5
2269,6.129610616485588e-6
2270,3.064805308242794e-5
2271,1.0726818578849778e-5
2272,3.524526104479213e-5
2273,2.2986039811820954e-5
2274,3.12610141440765e-4
2275,3.064805308242794e-6
2276,6.129610616485588e-6
2277,9.194415924728382e-6
2278,4.597207962364191e-6
2279,1.532402654121397e-6
2280,6.129610616485588e-6
2281,1.0726818578849778e-5
2282,1.8388831849456763e-5
2283,1.532402654121397e-6
2284,1.0726818578849778e-5
2285,9.194415924728382e-6
2286,1.532402654121397e-6
2287,4.949660572812112e-4
2288,4.597207962364191e-6
2289,2.2986039811820954e-5
2290,5.6698898202491684e-5
2291,4.597207962364191e-6
2292,6.129610616485588e-6
2293,3.064805308242794e-6
2294,4.597207962364191e-6
2295,1.532402654121397e-5
2296,1.2259221232971176e-5
2298,3.064805308242794e-5
2299,9.194415924728382e-6
2300,1.532402654121397e-5
2301,4.1681352192101995e-4
2302,4.290727431539911e-5
2303,3.064805308242794e-6
2304,1.2259221232971176e-5
2305,2.1760117688523836e-4
2306,6.589331412722007e-5
2307,2.2986039811820954e-5
2308,6.742571678134146e-5
2309,1.992123450357816e-5
2310,4.597207962364191e-6
2311,9.194415924728382e-6
2312,9.194415924728382e-6
2313,2.7583247774185145e-5
2314,1.8388831849456763e-5
2315,6.129610616485588e-6
2316,6.129610616485588e-6
2317,4.597207962364191e-6
2318,1.2259221232971176e-5
2319,7.662013270606985e-6
2320,1.532402654121397e-6
2322,4.597207962364191e-6
2324,4.597207962364191e-6
2325,7.662013270606985e-6
2326,1.3791623887092572e-5
2327,6.129610616485588e-6
2328,4.597207962364191e-6
2329,2.4518442465942352e-5
2330,5.516649554837029e-5
2331,1.532402654121397e-6
2332,1.6856429195335365e-5
2333,1.6549948664511087e-4
2334,1.532402654121397e-6
2335,4.597207962364191e-6
2336,1.532402654121397e-6
2337,6.129610616485588e-6
2338,2.1760117688523836e-4
2339,1.2259221232971176e-5
2340,4.597207962364191e-5
2341,4.597207962364191e-6
2342,4.597207962364191e-6
2343,3.064805308242794e-6
2344,1.532402654121397e-6
2345,1.900179291110532e-4
2346,2.2986039811820954e-5
2347,7.662013270606985e-6
2348,6.129610616485588e-6
2349,6.589331412722007e-5
2350,1.3791623887092572e-5
2351,1.532402654121397e-5
2352,9.194415924728382e-6
2353,1.3791623887092572e-5
2354,6.129610616485588e-6
2355,6.129610616485588e-6
2356,6.129610616485588e-6
2357,1.2259221232971176e-5
2358,1.992123450357816e-5
2359,1.8388831849456763e-5
2360,2.2986039811820954e-5
2361,6.589331412722007e-5
2362,1.532402654121397e-6
2363,3.064805308242794e-5
2364,1.0726818578849778e-5
2365,4.597207962364191e-6
2366,9.638812694423587e-4
2367,3.064805308242794e-6
2368,9.194415924728382e-6
2369,4.597207962364191e-6
2370,7.662013270606985e-6
2371,7.815253536019124e-5
2372,1.3638383621680434e-4
2373,6.129610616485588e-6
2374,6.129610616485588e-6
2375,1.992123450357816e-5
2376,1.532402654121397e-6
2377,1.0726818578849778e-5
2378,3.2486936267373613e-4
2379,1.3791623887092572e-5
2380,6.129610616485588e-6
2381,1.8388831849456763e-5
2382,9.194415924728382e-6
2383,6.129610616485588e-6
2384,1.7162909726159645e-4
2385,6.129610616485588e-6
2386,9.194415924728382e-6
2387,1.6856429195335365e-5
2388,1.3791623887092572e-5
2389,3.064805308242794e-6
2390,3.064805308242794e-6
2391,9.194415924728382e-6
2393,1.0726818578849778e-5
2394,1.0726818578849778e-5
2395,2.2986039811820954e-5
2396,1.992123450357816e-5
2397,3.064805308242794e-6
2398,2.9115650428306543e-5
2399,1.6856429195335365e-5
2400,1.0726818578849778e-5
2401,5.516649554837029e-5
2402,2.6050845120063747e-5
2404,7.662013270606985e-6
2405,1.4557825214153272e-4
2406,1.6856429195335365e-5
2407,3.064805308242794e-6
2408,1.532402654121397e-6
2409,1.532402654121397e-6
2410,6.129610616485588e-6
2411,7.815253536019124e-5
2412,1.2259221232971176e-5
2414,1.2259221232971176e-5
2415,7.662013270606985e-6
2416,6.129610616485588e-6
2417,3.064805308242794e-6
2418,8.581454863079822e-5
2419,2.6050845120063747e-5
2420,1.0726818578849778e-5
2421,3.064805308242794e-6
2422,9.194415924728382e-6
2423,1.532402654121397e-5
2424,4.597207962364191e-6
2425,1.3791623887092572e-5
2426,1.0726818578849778e-5
2427,3.064805308242794e-6
2428,5.516649554837029e-5
2430,3.6777663698913526e-5
2431,3.064805308242794e-6
2432,1.8388831849456763e-5
2433,7.662013270606985e-6
2434,3.064805308242794e-6
2435,4.597207962364191e-6
2436,6.129610616485588e-6
2437,8.428214597667684e-5
2439,1.0726818578849778e-5
2440,1.2259221232971176e-5
2441,6.129610616485588e-6
2442,1.471106547956541e-4
2443,3.064805308242794e-6
2444,4.597207962364191e-6
2445,1.532402654121397e-6
2446,4.597207962364191e-6
2447,6.895811943546286e-5
2448,4.597207962364191e-6
2449,9.194415924728382e-6
2451,5.3634092894248895e-5
2452,4.597207962364191e-6
2453,9.194415924728382e-6
2454,3.064805308242794e-6
2455,1.532402654121397e-6
2456,3.064805308242794e-6
2457,9.194415924728382e-6
2458,1.0726818578849778e-5
2459,4.7351242012351165e-4
2460,6.436091147309867e-5
2462,3.064805308242794e-6
2463,4.75044822777633e-5
2464,6.129610616485588e-6
2465,7.662013270606985e-6
2466,6.436091147309867e-5
2467,1.0726818578849778e-5
2468,6.129610616485588e-6
2469,3.371285839067073e-5
2470,3.064805308242794e-6
2471,1.532402654121397e-6
2472,9.6541367209648e-5
2473,9.194415924728382e-6
2474,4.597207962364191e-6
2475,9.194415924728382e-6
2476,4.597207962364191e-6
2477,1.547726680662611e-4
2478,1.3791623887092572e-5
2479,1.532402654121397e-6
2480,6.083638536861945e-4
2481,1.532402654121397e-5
2482,1.532402654121397e-5
2483,1.532402654121397e-5
2484,3.064805308242794e-6
2485,6.129610616485588e-6
2486,6.742571678134146e-5
2487,2.6050845120063747e-5
2488,1.532402654121397e-6
2489,1.532402654121397e-5
2490,2.9115650428306543e-5
2491,9.194415924728382e-6
2492,1.2259221232971176e-5
2493,3.064805308242794e-6
2494,4.137487166127772e-5
2495,9.194415924728382e-6
2496,1.394486415250471e-4
2497,7.662013270606985e-6
2498,9.194415924728382e-6
2499,6.129610616485588e-6
2500,6.129610616485588e-6
2501,1.0726818578849778e-5
2502,6.129610616485588e-6
2504,2.4518442465942352e-5
2505,3.831006635303492e-5
2506,7.662013270606985e-6
2507,1.532402654121397e-6
2508,4.597207962364191e-6
2509,4.597207962364191e-6
2510,3.064805308242794e-6
2511,3.064805308242794e-6
2512,2.1453637157699556e-5
2513,1.532402654121397e-6
2514,2.1453637157699556e-5
2515,9.194415924728382e-6
2517,4.597207962364191e-6
2518,6.129610616485588e-6
2519,1.0726818578849778e-5
2520,7.662013270606985e-6
2521,3.064805308242794e-6
2522,3.064805308242794e-6
2523,2.1453637157699556e-5
2524,2.6050845120063747e-5
2525,6.129610616485588e-6
2526,3.064805308242794e-6
2527,3.064805308242794e-6
2528,1.532402654121397e-6
2529,4.7351242012351165e-4
2530,1.2259221232971176e-5
2531,4.597207962364191e-6
2532,3.064805308242794e-6
2533,6.589331412722007e-5
2534,7.508773005194845e-5
2535,7.278912607076635e-4
2536,6.129610616485588e-6
2537,3.064805308242794e-5
2538,4.597207962364191e-6
2539,4.9036884931884704e-5
2540,3.064805308242794e-6
2541,1.2259221232971176e-5
2542,1.7009669460747506e-4
2543,6.788543757757789e-4
2544,4.6431800419878327e-4
2545,9.194415924728382e-6
2547,1.3638383621680434e-4
2548,1.992123450357816e-5
2549,1.1646260171322617e-4
2550,1.532402654121397e-6
2551,3.371285839067073e-5
2552,3.064805308242794e-6
2553,2.7583247774185145e-5
2554,2.2986039811820954e-5
2555,1.3791623887092572e-5
2556,1.6856429195335365e-5
2557,1.532402654121397e-6
2558,4.75044822777633e-5
2559,3.064805308242794e-6
2560,1.517078627580183e-4
2561,2.6050845120063747e-5
2562,9.194415924728382e-6
2563,1.0726818578849778e-5
2564,3.064805308242794e-6
2565,9.194415924728382e-6
2566,3.064805308242794e-6
2567,1.6856429195335365e-5
2568,1.532402654121397e-6
2569,6.129610616485588e-6
2570,6.129610616485588e-6
2571,1.6856429195335365e-5
2572,2.4518442465942352e-5
2573,7.049052208958426e-5
2574,3.831006635303492e-5
2575,7.662013270606985e-6
2576,1.6856429195335365e-5
2577,7.662013270606985e-6
2578,7.662013270606985e-6
2579,9.194415924728382e-6
2580,1.532402654121397e-5
2581,9.194415924728382e-6
2582,3.064805308242794e-6
2583,1.8695312380281043e-4
2584,9.194415924728382e-6
2585,1.6856429195335365e-5
2586,1.8388831849456763e-5
2587,4.597207962364191e-6
2588,4.597207962364191e-6
2589,4.443967696952051e-5
2590,6.129610616485588e-6
2591,7.9684938014312645e-05
2592,1.3791623887092572e-5
2593,1.532402654121397e-6
2594,2.2986039811820954e-5
2595,9.194415924728382e-6
2596,9.194415924728382e-6
2597,1.0726818578849778e-5
2598,1.532402654121397e-6
2599,3.2640176532785755e-4
2600,1.2718942029207595e-4
2602,3.064805308242794e-6
2603,4.597207962364191e-6
2604,1.8388831849456763e-5
2605,6.129610616485588e-6
2606,1.8388831849456763e-5
2607,6.129610616485588e-6
2608,4.75044822777633e-5
2609,1.3485143356268292e-4
2610,6.129610616485588e-6
2611,9.194415924728382e-6
2612,3.064805308242794e-5
2613,4.597207962364191e-6
2615,2.1453637157699556e-5
2616,3.064805308242794e-6
2617,9.194415924728382e-6
2618,6.129610616485588e-6
2619,6.282850881897727e-5
2620,2.9115650428306543e-5
2621,4.597207962364191e-6
2622,7.662013270606985e-6
2623,2.1453637157699556e-5
2624,2.6050845120063747e-5
2625,2.9115650428306543e-5
2626,3.003509202077938e-4
2627,3.064805308242794e-6
2628,4.290727431539911e-5
2629,1.0726818578849778e-5
2630,1.532402654121397e-6
2631,4.597207962364191e-6
2632,2.988185175536724e-4
2633,1.2259221232971176e-5
2634,4.597207962364191e-6
2635,3.064805308242794e-6
2636,1.3791623887092572e-5
2637,3.187397520572506e-4
2638,4.443967696952051e-5
2639,3.371285839067073e-5
2640,3.064805308242794e-6
2641,1.532402654121397e-6
2642,1.532402654121397e-6
2643,1.2259221232971176e-5
2644,3.064805308242794e-6
2645,5.05692875860061e-5
2647,4.597207962364191e-6
2648,3.064805308242794e-6
2649,1.532402654121397e-6
2650,6.129610616485588e-6
2651,3.064805308242794e-6
2652,2.635732565088803e-4
2653,7.662013270606984e-5
2654,7.662013270606985e-6
2657,7.662013270606985e-6
2658,6.129610616485588e-6
2659,1.532402654121397e-5
2660,3.064805308242794e-6
2661,3.6777663698913526e-5
2662,1.3025422560031873e-4
2663,6.589331412722007e-5
2664,3.831006635303492e-5
2665,1.2259221232971176e-4
2666,2.9115650428306543e-5
2667,4.597207962364191e-6
2668,4.597207962364191e-6
2669,2.7583247774185145e-5
2670,5.2101690240127493e-5
2671,1.2259221232971176e-5
2672,1.0726818578849778e-5
2673,3.064805308242794e-6
2674,1.992123450357816e-5
2675,3.064805308242794e-6
2676,1.1952740702146896e-4
2677,7.662013270606985e-6
2678,1.0726818578849778e-5
2679,6.129610616485588e-6
2680,7.662013270606985e-6
2681,4.597207962364191e-6
2682,1.532402654121397e-6
2683,1.2259221232971176e-5
2684,1.532402654121397e-6
2685,6.129610616485588e-6
2686,9.194415924728382e-6
2687,1.2259221232971176e-5
2688,1.532402654121397e-5
2689,2.1453637157699556e-5
2690,4.597207962364191e-6
2691,1.6856429195335365e-5
2692,1.3791623887092572e-5
2693,4.290727431539911e-5
2694,1.532402654121397e-6
2695,1.0726818578849778e-5
2696,7.662013270606985e-6
2697,5.8231300856613086e-5
2698,1.2259221232971176e-5
2699,4.597207962364191e-6
2700,4.597207962364191e-6
2701,1.2259221232971176e-5
2702,1.532402654121397e-6
2703,1.3791623887092572e-5
2704,1.8388831849456763e-5
2705,4.597207962364191e-6
2706,4.443967696952051e-5
2707,6.129610616485588e-6
2708,1.532402654121397e-6
2709,3.831006635303492e-5
2710,1.992123450357816e-5
2711,1.6856429195335365e-5
2712,3.064805308242794e-6
2713,4.597207962364191e-6
2714,2.6050845120063747e-5
2715,1.532402654121397e-6
2716,3.064805308242794e-6
2717,3.064805308242794e-6
2718,4.597207962364191e-6
2719,1.532402654121397e-6
2720,5.976370351073448e-5
2721,5.05692875860061e-5
2722,1.2259221232971176e-5
2723,1.3791623887092572e-5
2724,2.4518442465942352e-5
2725,3.064805308242794e-6
2726,1.6856429195335365e-5
2727,2.2986039811820954e-5
2728,1.0726818578849779e-4
2729,1.011385751720122e-4
2730,1.0726818578849778e-5
2731,9.194415924728382e-6
2732,3.064805308242794e-6
2733,4.597207962364191e-6
2734,3.064805308242794e-6
2735,3.064805308242794e-6
2736,6.129610616485588e-6
2737,3.524526104479213e-5
2738,2.6050845120063747e-5
2739,4.597207962364191e-6
2740,7.662013270606985e-6
2741,1.532402654121397e-6
2742,6.129610616485588e-6
2743,2.1453637157699556e-5
2744,1.6856429195335365e-5
2745,5.2101690240127493e-5
2746,1.0726818578849778e-5
2747,3.064805308242794e-5
2748,4.597207962364191e-6
2749,4.597207962364191e-6
2751,1.2259221232971176e-5
2752,1.0726818578849778e-5
2753,3.064805308242794e-6
2754,7.662013270606985e-6
2755,1.2259221232971176e-5
2756,7.815253536019124e-5
2757,1.532402654121397e-6
2758,3.064805308242794e-6
2759,3.064805308242794e-6
2760,7.662013270606985e-6
2761,9.194415924728382e-6
2762,1.532402654121397e-5
2763,3.064805308242794e-6
2764,1.3791623887092572e-5
2765,1.0726818578849778e-5
2766,6.129610616485588e-6
2767,1.0726818578849778e-5
2768,9.041175659316241e-5
2769,1.532402654121397e-5
2770,9.194415924728382e-6
2771,1.532402654121397e-6
2772,1.532402654121397e-6
2773,1.1339779640498337e-4
2774,1.0880058844261918e-4
2775,4.597207962364191e-6
2776,4.597207962364191e-6
2777,7.662013270606985e-6
2778,6.129610616485588e-6
2779,5.94572229799102e-4
2780,6.129610616485588e-6
2781,9.194415924728382e-6
2782,1.6703188929923226e-4
2783,1.532402654121397e-6
2784,2.1453637157699556e-5
2785,9.194415924728382e-6
2786,2.513140352759091e-4
2787,1.532402654121397e-6
2788,6.129610616485588e-6
2789,7.662013270606985e-6
2790,1.3791623887092572e-5
2791,2.2986039811820954e-5
2792,1.992123450357816e-5
2793,1.3791623887092572e-5
2794,6.129610616485588e-6
2795,2.0687435830638859e-4
2796,1.0726818578849778e-5
2797,1.532402654121397e-6
2798,9.194415924728382e-5
2799,1.532402654121397e-6
2800,1.532402654121397e-6
2802,1.0726818578849778e-5
2803,4.597207962364191e-6
2804,6.129610616485588e-6
2805,1.2259221232971176e-5
2806,1.532402654121397e-6
2807,7.202292474370565e-5
2808,2.1453637157699556e-5
2809,4.597207962364191e-6
2811,3.064805308242794e-6
2812,2.6050845120063747e-5
2813,1.532402654121397e-6
2814,9.194415924728382e-6
2816,1.3791623887092572e-5
2817,9.194415924728382e-6
2818,3.064805308242794e-6
2819,8.274974332255543e-5
2820,4.597207962364191e-6
2821,7.815253536019124e-5
2822,1.0726818578849778e-5
2823,6.129610616485588e-6
2824,3.371285839067073e-5
2825,3.984246900715632e-5
2826,3.509202077937999e-4
2827,4.597207962364191e-6
2828,2.4518442465942352e-5
2829,4.597207962364191e-6
2831,4.597207962364191e-6
2832,7.662013270606985e-6
2833,1.0726818578849778e-5
2834,4.597207962364191e-6
2835,0.0024702330784436917
2836,3.371285839067073e-5
2837,3.371285839067073e-5
2838,4.597207962364191e-6
2839,7.662013270606985e-6
2840,5.05692875860061e-5
2841,2.9115650428306543e-5
2842,7.662013270606985e-6
2843,7.202292474370565e-5
2844,7.662013270606985e-6
2845,7.662013270606985e-6
2846,1.532402654121397e-6
2847,3.064805308242794e-6
2848,1.532402654121397e-5
2849,1.532402654121397e-6
2850,1.3791623887092572e-5
2851,3.064805308242794e-6
2852,6.129610616485588e-6
2853,5.087576811683038e-4
2854,1.8388831849456763e-5
2855,7.662013270606985e-6
2856,1.0726818578849778e-5
2857,3.064805308242794e-6
2858,7.662013270606985e-6
2859,1.3791623887092572e-5
2860,7.662013270606985e-6
2862,7.662013270606985e-6
2863,1.532402654121397e-6
2864,1.2259221232971176e-5
2866,3.831006635303492e-5
2867,4.597207962364191e-6
2868,1.2259221232971176e-5
2869,6.129610616485588e-6
2871,2.9115650428306543e-5
2872,1.2259221232971176e-5
2873,6.129610616485588e-6
2874,7.662013270606985e-6
2875,1.532402654121397e-6
2876,6.129610616485588e-5
2877,1.0726818578849778e-5
2878,7.662013270606985e-6
2879,1.6856429195335365e-5
2880,7.662013270606985e-6
2881,2.4518442465942352e-5
2882,3.064805308242794e-6
2883,2.7583247774185145e-5
2884,1.3791623887092572e-5
2885,7.662013270606985e-6
2886,4.597207962364191e-6
2888,2.4518442465942352e-5
2889,1.0726818578849778e-5
2890,9.194415924728382e-6
2891,2.6050845120063747e-5
2892,1.0726818578849778e-5
2893,6.129610616485588e-6
2894,1.0726818578849778e-5
2895,1.2259221232971176e-5
2897,3.064805308242794e-6
2898,1.2259221232971176e-5
2899,1.532402654121397e-6
2900,7.662013270606985e-6
2901,1.532402654121397e-6
2902,1.0726818578849778e-5
2903,2.2986039811820954e-5
2904,6.129610616485588e-6
2905,1.2259221232971176e-5
2906,1.6856429195335365e-5
2907,4.597207962364191e-6
2908,4.597207962364191e-6
2909,2.6050845120063747e-5
2910,4.597207962364191e-6
2911,3.831006635303492e-5
2912,3.064805308242794e-6
2913,1.532402654121397e-6
2914,9.194415924728382e-6
2915,3.064805308242794e-5
2916,4.597207962364191e-6
2917,6.129610616485588e-6
2918,4.597207962364191e-6
2919,4.597207962364191e-6
2920,1.6856429195335365e-5
2921,5.05692875860061e-5
2922,3.064805308242794e-6
2923,2.022771503440244e-4
2924,9.194415924728382e-6
2925,3.064805308242794e-6
2926,1.1493019905910477e-4
2927,6.129610616485588e-5
2928,3.524526104479213e-5
2929,6.282850881897727e-5
2930,9.194415924728382e-6
2931,4.597207962364191e-6
2932,1.486430574497755e-4
2933,7.355532739782705e-5
2934,1.992123450357816e-5
2935,4.597207962364191e-6
2936,2.2986039811820954e-5
2937,1.026709778261336e-4
2938,1.2718942029207595e-4
2940,4.597207962364191e-6
2941,7.662013270606985e-6
2942,1.6856429195335365e-5
2944,3.371285839067073e-5
2945,3.2180455736549336e-5
2946,2.4518442465942352e-5
2947,1.3791623887092572e-5
2948,9.194415924728382e-6
2949,2.6663806181712307e-4
2950,4.597207962364191e-6
2951,6.129610616485588e-6
2952,3.831006635303492e-5
2953,3.524526104479213e-5
2954,3.064805308242794e-6
2955,1.2259221232971176e-5
2956,3.064805308242794e-6
2957,6.129610616485588e-6
2958,7.662013270606985e-6
2960,7.662013270606985e-6
2961,1.0726818578849778e-5
2962,1.2259221232971176e-5
2963,1.532402654121397e-6
2964,1.8388831849456763e-5
2965,3.064805308242794e-6
2966,2.2986039811820954e-5
2967,4.597207962364191e-6
2968,1.7929111053220344e-4
2969,1.3791623887092572e-5
2970,1.532402654121397e-6
2971,3.064805308242794e-6
2972,6.129610616485588e-6
2973,1.6856429195335365e-5
2974,3.2180455736549336e-5
2975,2.1453637157699556e-5
2976,3.064805308242794e-6
2977,4.597207962364191e-6
2978,3.064805308242794e-6
2979,1.1952740702146896e-4
2980,4.597207962364191e-6
2981,6.129610616485588e-6
2982,2.6050845120063747e-5
2983,1.0726818578849778e-5
2984,6.129610616485588e-6
2985,7.662013270606985e-6
2986,1.532402654121397e-6
2987,7.662013270606985e-6
2988,6.129610616485588e-6
2989,2.3445760608057373e-4
2990,3.064805308242794e-6
2991,3.064805308242794e-6
2992,1.532402654121397e-5
2993,1.532402654121397e-5
2994,2.1453637157699556e-5
2995,4.597207962364191e-6
2996,3.064805308242794e-6
2997,4.597207962364191e-6
2998,1.0726818578849778e-5
2999,1.3791623887092572e-5
3000,1.0726818578849778e-5
3001,1.532402654121397e-5
3002,1.3791623887092572e-5
3003,6.129610616485588e-6
3004,4.597207962364191e-6
3005,3.064805308242794e-6
3006,3.064805308242794e-6
3007,1.8388831849456763e-5
3008,3.064805308242794e-6
3009,4.597207962364191e-6
3011,1.3791623887092572e-5
3012,1.0726818578849778e-5
3013,3.064805308242794e-6
3014,6.129610616485588e-6
3015,1.8388831849456763e-5
3016,1.992123450357816e-5
3017,4.597207962364191e-6
3018,6.129610616485588e-6
3019,3.064805308242794e-6
3020,4.597207962364191e-6
3021,4.597207962364191e-6
3022,3.064805308242794e-6
3023,7.662013270606985e-6
3024,1.532402654121397e-6
3025,2.0687435830638859e-4
3026,7.662013270606985e-6
3027,1.3178662825444015e-4
3028,2.2986039811820954e-5
3029,4.597207962364191e-6
3030,9.194415924728382e-6
3031,1.2259221232971176e-5
3032,3.2180455736549336e-5
3033,6.129610616485588e-6
3034,1.0726818578849778e-5
3035,3.064805308242794e-6
3036,3.064805308242794e-6
3037,6.129610616485588e-6
3038,1.532402654121397e-6
3039,6.129610616485588e-6
3040,1.7316149991571786e-4
3041,6.129610616485588e-6
3042,9.194415924728382e-6
3043,3.064805308242794e-6
3044,1.3791623887092572e-5
3045,4.198783272292628e-4
3046,3.064805308242794e-6
3047,2.543788405841519e-4
3048,1.4557825214153272e-4
3049,1.532402654121397e-6
3050,2.7583247774185145e-5
3051,4.597207962364191e-6
3052,1.532402654121397e-6
3053,2.0840676096050997e-4
3054,4.597207962364191e-6
3055,4.597207962364191e-6
3056,1.3791623887092572e-5
3057,3.064805308242794e-6
3058,7.662013270606985e-6
3059,6.129610616485588e-6
3060,2.7583247774185145e-5
3061,7.662013270606985e-6
3062,9.194415924728382e-6
3063,6.129610616485588e-6
3064,2.4518442465942352e-5
3065,1.532402654121397e-6
3066,7.662013270606985e-6
3067,4.137487166127772e-5
3068,4.597207962364191e-6
3069,4.597207962364191e-6
3070,2.6050845120063747e-5
3071,1.532402654121397e-5
3072,1.6856429195335365e-5
3073,5.8231300856613086e-5
3074,3.064805308242794e-6
3075,3.371285839067073e-5
3076,4.597207962364191e-6
3077,5.3634092894248895e-5
3078,2.4518442465942352e-5
3079,3.064805308242794e-5
3080,9.194415924728382e-6
3081,6.589331412722007e-5
3082,1.0726818578849778e-5
3083,8.274974332255543e-5
3084,2.4518442465942352e-5
3085,1.486430574497755e-4
3086,1.6856429195335365e-5
3087,3.064805308242794e-6
3088,9.041175659316241e-5
3089,2.4518442465942352e-5
3090,4.290727431539911e-5
3091,6.129610616485588e-6
3092,1.532402654121397e-6
3093,1.2259221232971176e-5
3094,1.532402654121397e-6
3095,1.0726818578849779e-4
3096,1.2259221232971176e-5
3097,2.6050845120063747e-5
3098,1.3791623887092572e-5
3099,2.7583247774185145e-5
3100,1.532402654121397e-5
3101,1.532402654121397e-6
3102,1.3791623887092572e-5
3103,4.597207962364191e-6
3104,1.1799500436734756e-4
3105,6.282850881897727e-5
3106,1.532402654121397e-5
3107,1.532402654121397e-5
3109,3.064805308242794e-6
3110,1.1952740702146896e-4
3111,1.3791623887092572e-5
3112,1.532402654121397e-6
3113,5.976370351073448e-5
3114,1.486430574497755e-4
3115,3.984246900715632e-5
3116,4.704476148152689e-4
3117,3.064805308242794e-6
3118,9.194415924728382e-6
3119,3.064805308242794e-6
3120,1.532402654121397e-5
3121,7.662013270606985e-6
3122,6.129610616485588e-6
3123,9.194415924728382e-6
3124,4.597207962364191e-6
3125,3.524526104479213e-5
3126,7.662013270606985e-6
3127,1.0726818578849778e-5
3128,1.3791623887092572e-5
3129,3.064805308242794e-6
3130,1.532402654121397e-5
3132,2.6050845120063747e-5
3133,6.129610616485588e-6
3135,4.597207962364191e-6
3136,1.2259221232971176e-5
3137,1.532402654121397e-6
3138,3.524526104479213e-5
3139,6.129610616485588e-6
3140,6.129610616485588e-6
3141,3.371285839067073e-5
3142,1.532402654121397e-5
3143,1.532402654121397e-5
3144,9.194415924728382e-6
3146,2.6510565916300165e-4
3147,4.597207962364191e-6
3148,1.1646260171322617e-4
3149,7.355532739782705e-5
3150,1.532402654121397e-6
3151,1.1799500436734756e-4
3152,4.597207962364191e-6
3153,1.0726818578849778e-5
3154,6.129610616485588e-6
3155,4.597207962364191e-6
3156,1.8235591584044624e-4
3157,1.532402654121397e-5
3158,9.194415924728382e-6
3159,9.194415924728382e-5
3160,1.532402654121397e-6
3161,3.064805308242794e-6
3162,1.532402654121397e-6
3163,6.129610616485588e-6
3164,7.662013270606985e-6
3165,4.597207962364191e-6
3166,1.0726818578849778e-5
3167,9.194415924728382e-6
3168,6.129610616485588e-5
3169,3.064805308242794e-6
3170,4.597207962364191e-6
3171,3.064805308242794e-6
3172,4.597207962364191e-6
3173,3.064805308242794e-6
3174,9.041175659316241e-5
3175,3.064805308242794e-6
3176,2.2986039811820954e-5
3177,4.597207962364191e-6
3178,2.1453637157699556e-5
3179,3.064805308242794e-6
3180,9.194415924728382e-6
3181,6.129610616485588e-6
3182,7.202292474370565e-5
3183,3.6777663698913526e-5
3184,1.8388831849456763e-4
3185,1.3791623887092572e-5
3186,7.662013270606985e-6
3187,8.581454863079822e-5
3188,1.3791623887092572e-5
3191,1.6856429195335365e-5
3192,3.064805308242794e-6
3193,1.532402654121397e-6
3194,4.597207962364191e-6
3195,9.194415924728382e-6
3196,1.532402654121397e-5
3197,3.524526104479213e-5
3198,1.0726818578849778e-5
3199,2.7583247774185145e-5
3200,6.129610616485588e-6
3201,7.662013270606984e-5
3202,6.129610616485588e-6
3203,4.2294313253750555e-4
3204,3.6777663698913526e-5
3205,7.662013270606985e-6
3206,4.597207962364191e-6
3207,1.532402654121397e-6
3208,1.0880058844261918e-4
3209,3.064805308242794e-6
3210,1.3178662825444015e-4
3211,6.129610616485588e-6
3212,4.597207962364191e-5
3213,4.597207962364191e-6
3214,3.064805308242794e-6
3215,9.194415924728382e-6
3216,7.662013270606985e-6
3217,5.05692875860061e-5
3218,4.290727431539911e-5
3219,3.064805308242794e-6
3220,3.064805308242794e-6
3221,5.976370351073448e-5
3222,1.0726818578849778e-5
3223,1.0726818578849778e-5
3224,2.4518442465942352e-5
3225,3.984246900715632e-5
3226,1.532402654121397e-5
3227,1.0726818578849778e-5
3228,6.129610616485588e-6
3229,1.992123450357816e-5
3230,4.597207962364191e-6
3231,6.129610616485588e-6
3232,7.662013270606985e-6
3233,1.8388831849456763e-5
3234,7.662013270606985e-6
3235,3.064805308242794e-6
3236,4.137487166127772e-5
3238,1.3791623887092572e-5
3239,2.2986039811820954e-5
3240,1.532402654121397e-5
3241,1.2259221232971176e-5
3242,7.662013270606984e-5
3243,7.662013270606985e-6
3244,1.532402654121397e-6
3245,4.75044822777633e-5
3246,1.2259221232971176e-5
3247,4.597207962364191e-6
3248,6.129610616485588e-6
3249,3.064805308242794e-6
3250,1.532402654121397e-6
3251,2.942213095913082e-4
3252,4.597207962364191e-6
3253,2.2986039811820954e-5
3254,1.532402654121397e-6
3255,1.6856429195335365e-5
3256,1.532402654121397e-6
3257,7.662013270606985e-6
3258,9.194415924728382e-6
3259,2.7583247774185145e-5
3260,1.0726818578849778e-5
3261,7.815253536019124e-5
3262,3.064805308242794e-6
3263,1.2259221232971176e-5
3264,4.597207962364191e-6
3265,8.734695128491963e-5
3266,3.831006635303492e-5
3267,3.064805308242794e-6
3268,4.597207962364191e-6
3269,3.892302741468348e-4
3270,1.0726818578849779e-4
3271,5.05692875860061e-5
3272,3.064805308242794e-6
3273,7.662013270606985e-6
3274,1.7009669460747506e-4
3275,7.662013270606985e-6
3276,6.129610616485588e-6
3277,3.831006635303492e-5
3278,1.0726818578849778e-5
3279,5.05692875860061e-5
3280,7.662013270606985e-6
3281,2.4518442465942353e-4
3282,1.8388831849456763e-5
3283,8.428214597667684e-5
3284,1.6856429195335365e-5
3285,5.2101690240127493e-5
3286,8.121734066843403e-5
3287,1.992123450357816e-5
3288,7.662013270606985e-6
3289,9.194415924728382e-6
3290,6.129610616485588e-6
3291,1.3791623887092572e-5
3293,1.532402654121397e-5
3294,1.8388831849456763e-5
3295,1.3791623887092572e-5
3296,5.05692875860061e-5
3297,4.597207962364191e-6
3298,1.532402654121397e-6
3299,1.0726818578849778e-5
3300,1.6243468133686807e-4
3301,2.1913357953935977e-4
3302,7.662013270606985e-6
3303,7.662013270606985e-6
3304,3.064805308242794e-6
3305,2.2986039811820954e-5
3306,6.129610616485588e-6
3307,6.129610616485588e-6
3308,7.662013270606985e-6
3309,1.2259221232971176e-5
3310,4.597207962364191e-6
3311,3.064805308242794e-6
3312,2.9115650428306543e-5
3313,1.2259221232971176e-5
3314,9.194415924728382e-6
3315,1.501754601038969e-4
3316,6.129610616485588e-6
3317,4.137487166127772e-5
3318,1.6090227868274668e-4
3319,9.041175659316241e-5
3320,1.532402654121397e-6
3321,3.064805308242794e-6
3322,1.532402654121397e-6
3323,3.371285839067073e-5
3324,3.064805308242794e-6
3325,7.662013270606985e-6
3326,5.516649554837029e-5
3327,3.064805308242794e-6
3328,1.0726818578849778e-5
3330,7.662013270606985e-6
3331,3.064805308242794e-6
3332,7.202292474370565e-5
3333,4.597207962364191e-6
3334,4.597207962364191e-6
3335,1.532402654121397e-6
3336,1.2718942029207595e-4
3337,3.064805308242794e-6
3338,2.2986039811820954e-5
3339,9.194415924728382e-6
3340,6.129610616485588e-6
3342,7.662013270606985e-6
3343,1.2259221232971176e-5
3345,1.8388831849456763e-5
3346,7.662013270606985e-6
3347,1.8388831849456763e-5
3348,1.532402654121397e-6
3349,2.6050845120063747e-5
3350,1.0726818578849778e-5
3351,1.2259221232971176e-5
3352,3.064805308242794e-6
3353,4.137487166127772e-5
3354,7.662013270606985e-6
3355,4.75044822777633e-5
3356,1.532402654121397e-6
3357,1.0420338048025499e-4
3358,7.662013270606985e-6
3359,7.662013270606985e-6
3360,4.290727431539911e-5
3361,4.597207962364191e-6
3362,1.6856429195335365e-5
3363,1.992123450357816e-4
3364,9.194415924728382e-6
3365,1.992123450357816e-5
3366,2.2986039811820954e-5
3367,6.129610616485588e-6
3368,4.9036884931884704e-5
3369,1.532402654121397e-6
3370,6.282850881897727e-5
3371,6.129610616485588e-6
3372,6.129610616485588e-6
3373,2.2986039811820954e-5
3374,4.137487166127772e-5
3375,1.0726818578849778e-5
3376,6.068314510320732e-4
3377,9.194415924728382e-6
3378,4.597207962364191e-6
3379,9.194415924728382e-6
3380,1.0726818578849778e-5
3381,1.532402654121397e-6
3382,1.0726818578849778e-5
3383,1.3791623887092572e-5
3384,1.3791623887092572e-5
3385,4.597207962364191e-6
3386,3.831006635303492e-5
3387,3.064805308242794e-6
3388,3.064805308242794e-6
3389,2.4518442465942352e-5
3390,9.194415924728382e-6
3391,4.597207962364191e-6
3392,1.2259221232971176e-5
3393,7.662013270606985e-6
3394,6.129610616485588e-6
3395,2.7583247774185145e-5
3396,2.2219838484760255e-4
3397,3.524526104479213e-5
3398,3.064805308242794e-6
3399,4.137487166127772e-5
3400,5.317437209801248e-4
3401,9.194415924728382e-6
3402,1.1646260171322617e-4
3403,1.3791623887092572e-5
3404,1.992123450357816e-4
3405,9.194415924728382e-6
3406,7.662013270606985e-6
3407,6.129610616485588e-6
3408,4.597207962364191e-6
3409,1.026709778261336e-4
3410,4.597207962364191e-6
3411,1.992123450357816e-5
3412,6.129610616485588e-6
3413,1.8388831849456763e-5
3414,1.6856429195335365e-5
3415,6.129610616485588e-6
3416,2.6050845120063747e-5
3417,6.129610616485588e-6
3418,5.3634092894248895e-5
3419,6.129610616485588e-6
3420,2.2986039811820954e-5
3421,1.0726818578849778e-5
3422,7.662013270606985e-6
3423,1.0726818578849778e-5
3424,3.064805308242794e-6
3425,1.532402654121397e-5
3426,1.6856429195335365e-5
3427,4.443967696952051e-5
3428,7.662013270606985e-6
3429,4.597207962364191e-6
3430,4.597207962364191e-6
3431,4.597207962364191e-6
3432,2.788972830500942e-4
3433,3.064805308242794e-6
3434,1.532402654121397e-6
3435,1.532402654121397e-6
3436,1.532402654121397e-6
3437,3.064805308242794e-6
3438,1.992123450357816e-5
3439,6.129610616485588e-6
3440,6.129610616485588e-6
3441,7.355532739782705e-5
3442,1.0726818578849778e-5
3443,1.2259221232971176e-5
3444,7.662013270606985e-6
3445,1.3791623887092572e-5
3446,1.532402654121397e-6
3447,2.2986039811820954e-5
3448,4.597207962364191e-6
3449,4.597207962364191e-6
3450,4.597207962364191e-6
3451,3.064805308242794e-6
3452,1.0420338048025499e-4
3453,1.532402654121397e-6
3454,4.9036884931884704e-5
3455,9.194415924728382e-6
3456,6.129610616485588e-6
3457,4.597207962364191e-6
3458,1.3791623887092572e-5
3459,1.3791623887092572e-5
3460,1.532402654121397e-6
3461,4.597207962364191e-6
3462,6.282850881897727e-5
3463,1.3791623887092572e-5
3464,5.3634092894248895e-5
3465,1.0726818578849778e-5
3466,3.064805308242794e-6
3467,1.8388831849456763e-5
3468,6.129610616485588e-6
3469,3.524526104479213e-5
3470,3.064805308242794e-6
3471,6.589331412722007e-5
3472,9.194415924728382e-6
3473,4.597207962364191e-6
3474,1.532402654121397e-6
3475,4.290727431539911e-5
3476,1.532402654121397e-6
3477,0.0013868244019798642
3478,1.532402654121397e-6
3479,2.6050845120063746e-4
3480,1.501754601038969e-4
3482,1.6856429195335365e-5
3483,9.807376986376941e-5
3484,8.274974332255543e-5
3485,2.1453637157699556e-5
3486,4.597207962364191e-6
3487,7.662013270606985e-6
3488,4.597207962364191e-6
3489,1.3791623887092572e-5
3490,2.4518442465942352e-5
3491,8.152382119925831e-4
3492,1.532402654121397e-6
3493,3.064805308242794e-6
3494,2.635732565088803e-4
3495,7.662013270606985e-6
3496,4.597207962364191e-6
3497,9.194415924728382e-6
3498,7.662013270606985e-6
3499,4.9036884931884704e-5
3500,1.532402654121397e-6
3501,4.597207962364191e-6
3502,1.2259221232971176e-5
3503,1.992123450357816e-5
3504,4.597207962364191e-6
3505,1.2259221232971176e-5
3506,1.3791623887092572e-5
3507,3.4172579186907153e-4
3508,1.532402654121397e-6
3509,1.8388831849456763e-5
3510,2.1453637157699556e-5
3511,1.0726818578849778e-5
3512,1.532402654121397e-6
3513,7.662013270606985e-6
3514,3.831006635303492e-5
3515,7.662013270606985e-6
3516,3.064805308242794e-6
3517,4.9036884931884704e-5
3518,1.3791623887092572e-5
3519,2.2986039811820954e-5
3520,1.532402654121397e-6
3521,1.532402654121397e-6
3522,0.0013102042692737944
3523,3.371285839067073e-5
3524,3.064805308242794e-6
3525,4.137487166127772e-5
3526,4.443967696952051e-4
3527,1.0726818578849778e-5
3528,2.7583247774185145e-5
3529,4.597207962364191e-6
3530,4.597207962364191e-6
3531,3.064805308242794e-6
3532,1.3791623887092572e-5
3533,3.064805308242794e-5
3534,3.064805308242794e-5
3535,1.0726818578849778e-5
3536,3.064805308242794e-6
3537,2.7583247774185145e-5
3538,9.194415924728382e-6
3539,7.662013270606985e-6
3540,1.532402654121397e-6
3541,6.129610616485588e-6
3542,7.662013270606985e-6
3543,9.194415924728382e-6
3544,4.597207962364191e-6
3545,7.662013270606985e-6
3546,1.0726818578849778e-5
3547,7.662013270606984e-5
3548,1.532402654121397e-6
3549,9.194415924728382e-6
3550,7.662013270606985e-6
3551,2.4518442465942352e-5
3552,5.3634092894248895e-5
3553,1.532402654121397e-6
3554,4.597207962364191e-6
3555,8.428214597667684e-5
3556,5.8231300856613086e-5
3557,9.194415924728382e-6
3558,7.662013270606985e-6
3559,3.831006635303492e-5
3560,6.129610616485588e-6
3561,4.597207962364191e-6
3562,4.597207962364191e-6
3563,6.129610616485588e-6
3564,3.064805308242794e-6
3565,1.532402654121397e-6
3566,3.064805308242794e-6
3567,2.7583247774185145e-4
3568,3.2180455736549336e-5
3569,4.597207962364191e-6
3570,1.0726818578849778e-5
3571,1.0726818578849778e-5
3572,1.2259221232971176e-5
3573,1.6856429195335367e-4
3574,7.049052208958426e-5
3575,1.532402654121397e-6
3576,1.6856429195335365e-5
3577,4.597207962364191e-6
3578,1.0726818578849778e-5
3579,1.532402654121397e-5
3580,8.581454863079822e-5
3581,1.8388831849456763e-5
3582,6.129610616485588e-6
3583,4.597207962364191e-6
3584,1.532402654121397e-5
3585,2.4518442465942352e-5
3586,1.532402654121397e-6
3587,1.532402654121397e-6
3588,7.662013270606985e-6
3589,9.194415924728382e-6
3590,3.064805308242794e-6
3591,3.064805308242794e-6
3592,1.532402654121397e-6
3593,5.3634092894248895e-5
3594,6.129610616485588e-6
3595,6.129610616485588e-6
3596,1.532402654121397e-6
3597,3.524526104479213e-5
3598,3.064805308242794e-6
3599,0.0010389689994943071
3600,4.597207962364191e-6
3601,8.504834730373753e-4
3602,2.7583247774185145e-5
3603,3.064805308242794e-6
3604,1.532402654121397e-6
3605,2.0840676096050997e-4
3606,2.1147156626875278e-4
3607,6.436091147309867e-5
3608,4.597207962364191e-6
3609,6.129610616485588e-6
3610,4.597207962364191e-6
3611,4.597207962364191e-6
3612,1.532402654121397e-6
3613,6.129610616485588e-6
3614,7.662013270606985e-6
3615,4.597207962364191e-6
3616,2.1453637157699556e-5
3617,4.597207962364191e-5
3618,6.129610616485588e-6
3619,3.371285839067073e-5
3620,9.194415924728382e-6
3621,3.064805308242794e-6
3622,1.1799500436734756e-4
3623,6.129610616485588e-6
3624,4.597207962364191e-6
3625,1.8388831849456763e-5
3626,6.129610616485588e-6
3627,1.532402654121397e-6
3628,1.8848552645693182e-4
3629,1.1799500436734756e-4
3630,9.194415924728382e-6
3631,5.3634092894248895e-5
3632,4.443967696952051e-5
3633,4.597207962364191e-6
3634,1.532402654121397e-5
3635,6.129610616485588e-6
3636,4.597207962364191e-6
3637,3.524526104479213e-5
3638,1.532402654121397e-6
3639,4.597207962364191e-6
3640,6.129610616485588e-6
3641,6.129610616485588e-6
3642,3.064805308242794e-6
3643,3.064805308242794e-6
3644,7.662013270606985e-6
3646,1.3025422560031873e-4
3647,1.6856429195335365e-5
3648,1.992123450357816e-5
3649,6.129610616485588e-6
3650,6.129610616485588e-6
3651,1.471106547956541e-4
3652,4.597207962364191e-6
3653,7.662013270606985e-6
3654,9.194415924728382e-6
3655,2.2832799546408815e-4
3657,5.8231300856613086e-5
3658,9.194415924728382e-6
3659,6.129610616485588e-5
3660,7.662013270606985e-6
3661,8.581454863079822e-5
3662,7.662013270606984e-5
3663,9.194415924728382e-6
3664,1.0726818578849779e-4
3665,1.532402654121397e-5
3666,4.597207962364191e-6
3667,2.2986039811820954e-5
3668,1.3791623887092572e-5
3669,1.8542072114868902e-4
3670,1.992123450357816e-5
3671,6.589331412722007e-5
3672,1.532402654121397e-6
3673,2.7583247774185145e-5
3674,4.443967696952051e-5
3675,4.597207962364191e-6
3676,1.2259221232971176e-5
3677,1.0726818578849778e-5
3678,7.662013270606985e-6
3679,3.064805308242794e-6
3681,3.371285839067073e-5
3682,2.6050845120063747e-5
3683,7.662013270606985e-6
3684,6.129610616485588e-6
3685,1.2259221232971176e-5
3686,3.2180455736549336e-5
3687,3.064805308242794e-6
3688,1.2259221232971176e-5
3689,7.662013270606985e-6
3690,1.8388831849456763e-5
3691,7.662013270606985e-6
3692,6.129610616485588e-5
3693,1.2259221232971176e-5
3694,9.194415924728382e-6
3695,4.597207962364191e-5
3696,8.887935393904103e-5
3697,9.194415924728382e-6
3698,1.3791623887092572e-5
3699,7.202292474370565e-5
3700,3.064805308242794e-6
3701,1.532402654121397e-6
3702,7.662013270606985e-6
3703,1.532402654121397e-6
3705,1.8388831849456763e-5
3706,9.194415924728382e-6
3707,2.7583247774185145e-5
3708,1.532402654121397e-6
3709,7.662013270606985e-6
3710,7.662013270606985e-6
3711,1.532402654121397e-5
3713,4.597207962364191e-6
3714,1.992123450357816e-5
3715,1.3791623887092572e-5
3716,1.532402654121397e-6
3717,4.597207962364191e-6
3718,0.0022143218352054187
3719,1.2259221232971176e-5
3720,1.3791623887092572e-5
3721,1.0726818578849778e-5
3722,3.064805308242794e-6
3723,9.194415924728382e-6
3724,2.2986039811820954e-5
3725,1.532402654121397e-6
3726,4.597207962364191e-6
3727,0.0011830148489817185
3728,2.1453637157699556e-5
3729,3.064805308242794e-6
3730,6.129610616485588e-6
3731,3.064805308242794e-6
3732,3.064805308242794e-6
3733,1.6856429195335365e-5
3734,4.597207962364191e-6
3735,2.1913357953935977e-4
3736,7.478124952112417e-4
3737,1.2259221232971176e-5
3738,2.6663806181712307e-4
3739,1.532402654121397e-6
3740,4.443967696952051e-5
3741,1.1033299109674058e-4
3742,2.1453637157699556e-5
3743,1.532402654121397e-6
3744,1.2259221232971176e-5
3745,6.129610616485588e-6
3746,1.532402654121397e-5
3747,1.8388831849456763e-5
3748,4.443967696952051e-5
3749,7.662013270606985e-6
3750,1.0726818578849778e-5
3751,1.2259221232971176e-5
3752,3.2180455736549336e-5
3753,3.064805308242794e-6
3754,9.194415924728382e-6
3755,4.597207962364191e-6
3756,6.895811943546286e-5
3757,3.064805308242794e-6
3758,7.662013270606985e-6
3759,1.0726818578849778e-5
3760,3.064805308242794e-6
3761,4.597207962364191e-6
3762,1.0726818578849778e-5
3763,1.532402654121397e-6
3764,5.05692875860061e-5
3765,3.064805308242794e-6
3766,1.0726818578849778e-5
3767,7.662013270606985e-6
3768,3.984246900715632e-5
3769,6.129610616485588e-6
3770,2.2986039811820954e-5
3771,7.662013270606985e-6
3772,1.1493019905910477e-4
3773,3.984246900715632e-5
3774,2.4518442465942352e-5
3775,1.6856429195335365e-5
3777,3.2180455736549336e-5
3778,3.371285839067073e-5
3779,1.2259221232971176e-5
3780,7.662013270606985e-6
3781,3.064805308242794e-6
3782,7.662013270606985e-6
3783,1.0726818578849778e-5
3784,1.532402654121397e-6
3785,1.3331903090856153e-4
3786,6.895811943546286e-5
3787,2.1453637157699556e-5
3788,4.873040440106042e-4
3789,9.194415924728382e-6
3790,1.2259221232971176e-5
3791,4.597207962364191e-6
3792,6.129610616485588e-6
3793,1.0726818578849778e-5
3794,4.597207962364191e-6
3795,4.597207962364191e-6
3797,1.532402654121397e-6
3798,1.532402654121397e-6
3799,1.0726818578849778e-5
3801,6.129610616485588e-6
3802,3.5704981841028547e-4
3803,1.6856429195335365e-5
3804,6.129610616485588e-6
3805,6.129610616485588e-6
3806,4.290727431539911e-5
3807,9.194415924728382e-6
3808,3.064805308242794e-6
3810,4.443967696952051e-5
3811,1.532402654121397e-5
3812,2.1453637157699558e-4
3813,3.064805308242794e-6
3814,3.064805308242794e-6
3815,9.194415924728382e-6
3816,2.467168273135449e-4
3817,3.524526104479213e-5
3818,3.064805308242794e-6
3819,3.064805308242794e-6
3820,3.064805308242794e-6
3821,2.7583247774185145e-4
3822,1.532402654121397e-6
3823,4.597207962364191e-6
3824,3.064805308242794e-6
3825,4.597207962364191e-6
3826,1.6856429195335365e-5
3827,3.294665706361003e-4
3828,4.597207962364191e-6
3829,1.0726818578849778e-5
3830,6.742571678134146e-5
3831,3.064805308242794e-6
3832,6.129610616485588e-6
3833,2.6050845120063747e-5
3834,3.371285839067073e-5
3835,2.1453637157699556e-5
3837,2.1453637157699556e-5
3838,4.597207962364191e-6
3839,3.064805308242794e-6
3840,9.194415924728382e-6
3841,3.064805308242794e-5
3842,3.064805308242794e-6
3843,4.597207962364191e-6
3844,1.8388831849456763e-5
3845,9.6541367209648e-5
3846,3.064805308242794e-6
3847,1.6856429195335365e-5
3848,1.6549948664511087e-4
3849,3.064805308242794e-6
3850,4.137487166127772e-5
3851,7.662013270606985e-6
3852,3.064805308242794e-6
3853,1.1952740702146896e-4
3854,9.807376986376941e-5
3855,1.532402654121397e-5
3856,3.6777663698913526e-5
3857,7.662013270606985e-6
3858,1.2259221232971176e-5
3859,1.532402654121397e-6
3860,3.064805308242794e-6
3861,3.064805308242794e-6
3862,3.064805308242794e-6
3863,1.0726818578849778e-5
3864,7.662013270606985e-6
3865,6.129610616485588e-6
3866,7.662013270606985e-6
3867,1.0726818578849778e-5
3868,8.949231500068958e-4
3869,6.129610616485588e-6
3870,3.064805308242794e-6
3871,1.3791623887092572e-5
3872,1.992123450357816e-5
3873,1.6856429195335365e-5
3874,6.436091147309867e-5
3875,2.4518442465942352e-5
3876,6.129610616485588e-6
3877,1.2259221232971176e-5
3878,1.532402654121397e-6
3880,1.2259221232971176e-5
3881,4.597207962364191e-6
3882,1.0726818578849778e-5
3883,9.194415924728382e-6
3884,4.75044822777633e-5
3885,6.129610616485588e-6
3886,6.129610616485588e-6
3887,1.0726818578849779e-4
3888,1.0726818578849778e-5
3889,4.597207962364191e-6
3890,4.9036884931884704e-5
3891,3.064805308242794e-5
3892,1.6856429195335365e-5
3893,6.129610616485588e-6
3894,4.597207962364191e-6
3895,7.662013270606985e-6
3896,6.129610616485588e-6
3897,1.0726818578849778e-5
3898,1.3791623887092572e-5
3899,4.597207962364191e-6
3902,6.129610616485588e-6
3903,4.597207962364191e-6
3904,7.662013270606985e-6
3905,9.194415924728382e-6
3906,1.532402654121397e-6
3907,1.532402654121397e-6
3908,2.1453637157699556e-5
3909,3.064805308242794e-6
3911,1.2259221232971176e-5
3912,9.96061725178908e-5
3913,2.4518442465942352e-5
3914,1.2872182294619734e-4
3915,9.194415924728382e-6
3916,1.8388831849456763e-5
3917,7.662013270606985e-6
3918,7.677337297148199e-4
3919,3.064805308242794e-6
3920,1.0726818578849778e-5
3921,5.654565793707955e-4
3922,9.194415924728382e-6
3923,0.00015783747337450388
3924,9.6541367209648e-5
3925,1.0726818578849778e-5
3926,3.6777663698913526e-5
3927,1.0726818578849778e-5
3928,3.984246900715632e-5
3929,1.992123450357816e-5
3930,4.597207962364191e-6
3931,1.0726818578849778e-5
3932,3.064805308242794e-6
3933,6.129610616485588e-6
3934,3.984246900715632e-5
3935,5.3634092894248895e-5
3936,4.597207962364191e-6
3937,8.428214597667684e-5
3938,1.2259221232971176e-5
3939,1.2259221232971176e-5
3940,6.129610616485588e-6
3941,1.6856429195335365e-5
3942,3.064805308242794e-6
3943,3.064805308242794e-6
3944,6.129610616485588e-6
3945,1.992123450357816e-5
3946,9.194415924728382e-6
3948,4.597207962364191e-6
3949,1.6856429195335365e-5
3950,1.532402654121397e-6
3952,1.532402654121397e-6
3953,1.6856429195335365e-5
3954,3.064805308242794e-6
3955,2.4518442465942352e-5
3956,7.662013270606985e-6
3957,8.274974332255543e-5
3958,6.129610616485588e-6
3959,4.443967696952051e-5
3960,6.129610616485588e-6
3961,7.508773005194845e-5
3962,3.064805308242794e-6
3963,3.371285839067073e-5
3964,6.129610616485588e-6
3965,7.049052208958426e-5
3966,6.129610616485588e-6
3967,3.371285839067073e-5
3968,3.6777663698913526e-5
3969,9.194415924728382e-6
3970,6.129610616485588e-6
3971,3.064805308242794e-6
3972,1.0726818578849778e-5
3973,4.597207962364191e-6
3974,1.0726818578849778e-5
3975,1.3791623887092572e-5
3976,3.064805308242794e-6
3977,1.532402654121397e-6
3978,3.064805308242794e-6
3979,4.2447553519162697e-4
3980,6.129610616485588e-6
3981,4.597207962364191e-6
3982,1.2105980967559036e-4
3983,3.064805308242794e-6
3984,1.532402654121397e-6
3985,7.738633403313054e-4
3986,6.129610616485588e-6
3987,2.89624101628944e-4
3988,1.532402654121397e-6
3989,4.597207962364191e-6
3990,1.3331903090856153e-4
3991,1.9155033176517463e-4
3992,4.137487166127772e-5
3993,7.662013270606985e-6
3994,1.2259221232971176e-5
3995,4.597207962364191e-6
3996,3.371285839067073e-5
3997,1.2259221232971176e-5
3998,4.597207962364191e-6
3999,4.443967696952051e-5
4000,6.129610616485588e-6
4001,4.597207962364191e-6
4002,1.532402654121397e-6
4003,4.597207962364191e-6
4004,4.9036884931884704e-5
4005,7.662013270606985e-6
4006,3.831006635303492e-5
4007,1.3791623887092572e-5
4008,3.447905971773143e-4
4009,1.6396708399098948e-4
4010,2.9115650428306543e-5
4011,9.194415924728382e-6
4012,9.194415924728382e-5
4013,1.026709778261336e-4
4014,1.992123450357816e-5
4015,3.064805308242794e-6
4016,3.064805308242794e-6
4017,5.3634092894248895e-5
4018,1.7469390256983925e-4
4019,3.064805308242794e-5
4020,1.2259221232971176e-5
4021,7.662013270606985e-6
4022,6.129610616485588e-6
4023,9.194415924728382e-6
4024,1.0726818578849778e-5
4025,1.532402654121397e-6
4026,1.532402654121397e-5
4027,3.064805308242794e-6
4028,4.597207962364191e-6
4029,4.443967696952051e-5
4030,1.8388831849456763e-5
4031,3.064805308242794e-5
4032,4.597207962364191e-6
4033,7.324884686700277e-4
4034,7.662013270606985e-6
4035,1.3791623887092572e-5
4036,8.274974332255543e-5
4037,1.0726818578849778e-5
4038,7.662013270606984e-5
4039,1.532402654121397e-6
4040,1.532402654121397e-6
4042,8.412890571126469e-4
4043,3.064805308242794e-6
4044,3.9229507945507763e-4
4045,1.501754601038969e-4
4046,6.129610616485588e-6
4047,1.0726818578849778e-5
4048,3.064805308242794e-6
4049,3.064805308242794e-6
4050,3.064805308242794e-6
4051,4.597207962364191e-6
4052,0.0010834086764638276
4053,2.942213095913082e-4
4054,1.0726818578849778e-5
4056,1.5324026541213968e-4
4057,6.129610616485588e-6
4058,3.2180455736549336e-5
4059,1.532402654121397e-6
4060,1.3791623887092572e-5
4061,9.194415924728382e-6
4062,6.282850881897727e-5
4063,1.0726818578849778e-5
4064,1.532402654121397e-6
4065,6.129610616485588e-6
4066,2.2986039811820954e-5
4067,1.532402654121397e-5
4068,4.597207962364191e-6
4069,9.194415924728382e-6
4070,0.0010757466631932206
4071,7.662013270606984e-5
4072,1.532402654121397e-6
4073,9.194415924728382e-6
4074,1.0726818578849778e-5
4075,1.992123450357816e-5
4077,1.6856429195335365e-5
4078,6.436091147309867e-5
4079,1.6856429195335365e-5
4080,7.662013270606985e-6
4081,1.3791623887092572e-5
4082,1.532402654121397e-5
4083,3.064805308242794e-5
4084,2.9115650428306543e-5
4085,4.597207962364191e-6
4086,6.129610616485588e-6
4087,4.597207962364191e-6
4088,2.4518442465942352e-5
4089,4.597207962364191e-6
4090,2.2986039811820954e-5
4091,1.532402654121397e-6
4092,3.064805308242794e-6
4093,2.2986039811820954e-5
4094,4.597207962364191e-5
4095,1.0726818578849778e-5
4096,7.662013270606985e-6
4097,1.532402654121397e-5
4098,4.597207962364191e-6
4099,6.129610616485588e-6
4100,7.662013270606985e-6
4101,6.129610616485588e-6
4102,7.662013270606985e-6
4103,2.4518442465942352e-5
4104,1.532402654121397e-6
4105,1.0726818578849778e-5
4106,1.7469390256983925e-4
4107,1.0726818578849778e-5
4108,1.2259221232971176e-5
4109,4.75044822777633e-5
4110,1.0726818578849778e-5
4111,2.0380955299814578e-4
4112,1.0726818578849778e-5
4113,1.992123450357816e-5
4114,3.831006635303492e-5
4116,3.386609865608287e-4
4117,4.137487166127772e-5
4118,6.129610616485588e-6
4119,1.532402654121397e-6
4120,1.0726818578849778e-5
4121,1.2259221232971176e-5
4122,4.597207962364191e-6
4123,7.662013270606985e-6
4124,9.96061725178908e-5
4125,4.597207962364191e-6
4126,2.6050845120063747e-5
4127,2.7583247774185145e-5
4128,1.532402654121397e-6
4129,2.2986039811820954e-5
4130,1.992123450357816e-5
4131,1.6856429195335365e-5
4132,9.194415924728382e-6
4133,3.064805308242794e-6
4134,2.2986039811820954e-5
4135,2.0380955299814578e-4
4136,1.2259221232971176e-5
4137,3.831006635303492e-5
4138,4.306051458081125e-4
4139,6.129610616485588e-6
4140,3.064805308242794e-6
4143,3.064805308242794e-5
4144,7.662013270606985e-6
4145,7.662013270606985e-6
4146,1.2259221232971176e-5
4147,3.064805308242794e-6
4148,1.532402654121397e-6
4149,4.597207962364191e-6
4150,3.064805308242794e-6
4151,4.597207962364191e-6
4152,7.815253536019124e-5
4153,6.129610616485588e-6
4155,2.6050845120063747e-5
4156,1.532402654121397e-6
4157,1.0726818578849778e-5
4158,1.2259221232971176e-5
4159,6.129610616485588e-6
4160,7.508773005194845e-5
4161,1.0726818578849778e-5
4162,2.099391636146314e-4
4163,5.3634092894248895e-5
4164,7.662013270606985e-6
4165,1.0726818578849778e-5
4166,4.597207962364191e-6
4167,6.129610616485588e-6
4168,3.064805308242794e-6
4169,2.1453637157699558e-4
4170,4.597207962364191e-6
4171,1.532402654121397e-6
4172,8.581454863079822e-5
4173,2.6050845120063747e-5
4174,4.597207962364191e-6
4175,4.597207962364191e-6
4176,1.0726818578849778e-5
4177,1.532402654121397e-6
4178,6.129610616485588e-6
4179,6.129610616485588e-6
4180,1.532402654121397e-6
4181,3.064805308242794e-6
4182,3.064805308242794e-6
4183,9.194415924728382e-6
4184,9.194415924728382e-6
4185,1.7929111053220344e-4
4186,4.9036884931884704e-5
4187,4.597207962364191e-6
4188,7.662013270606985e-6
4189,1.2259221232971176e-5
4190,7.662013270606985e-6
4191,3.831006635303492e-5
4192,3.064805308242794e-6
4193,3.064805308242794e-6
4194,4.597207962364191e-6
4195,3.892302741468348e-4
4196,4.597207962364191e-6
4197,7.662013270606985e-6
4198,1.532402654121397e-6
4199,3.831006635303492e-5
4200,9.194415924728382e-6
4201,3.6777663698913526e-5
4202,4.597207962364191e-6
4203,6.129610616485588e-6
4204,3.064805308242794e-6
4205,1.992123450357816e-5
4206,7.662013270606985e-6
4207,6.129610616485588e-6
4208,8.428214597667684e-5
4209,2.1453637157699556e-5
4210,6.129610616485588e-6
4213,9.194415924728382e-6
4214,9.194415924728382e-6
4215,7.662013270606985e-6
4216,6.129610616485588e-6
4217,1.532402654121397e-6
4219,4.597207962364191e-6
4220,2.4518442465942352e-5
4221,4.75044822777633e-5
4222,1.0726818578849778e-5
4223,1.532402654121397e-6
4224,1.0726818578849778e-5
4225,1.3638383621680434e-4
4226,5.3634092894248895e-5
4227,1.532402654121397e-6
4228,3.064805308242794e-6
4229,6.129610616485588e-6
4230,1.532402654121397e-6
4231,9.194415924728382e-5
4232,3.064805308242794e-6
4233,3.524526104479213e-5
4234,9.194415924728382e-6
4235,1.532402654121397e-5
4236,4.290727431539911e-5
4237,4.597207962364191e-6
4238,1.532402654121397e-6
4239,1.3791623887092572e-5
4240,1.2565701763795454e-4
4241,5.976370351073448e-5
4242,9.194415924728382e-6
4243,4.597207962364191e-6
4244,7.662013270606985e-6
4245,1.532402654121397e-6
4246,3.2793416798197896e-4
4247,9.194415924728382e-6
4248,1.2565701763795454e-4
4249,9.194415924728382e-5
4250,3.6777663698913526e-5
4251,6.129610616485588e-6
4252,0.0030127036180026662
4253,1.8388831849456763e-5
4255,4.597207962364191e-6
4256,9.194415924728382e-6
4257,7.662013270606984e-5
4258,6.742571678134146e-5
4260,1.8388831849456763e-5
4261,1.440458494874113e-4
4262,4.597207962364191e-6
4263,3.064805308242794e-6
4264,1.0726818578849778e-5
4265,1.532402654121397e-6
4266,3.064805308242794e-6
4267,2.3599000873469512e-4
4268,5.2101690240127493e-5
4269,7.355532739782705e-5
4270,1.3485143356268292e-4
4271,6.129610616485588e-6
4272,1.532402654121397e-6
4273,9.194415924728382e-6
4275,5.976370351073448e-5
4276,3.064805308242794e-6
4277,6.129610616485588e-6
4278,3.064805308242794e-6
4279,6.129610616485588e-6
4280,1.532402654121397e-6
4281,2.2986039811820954e-5
4282,7.662013270606985e-6
4283,3.831006635303492e-5
4284,3.064805308242794e-6
4285,2.2986039811820954e-5
4286,4.597207962364191e-6
4287,3.631794290267711e-4
4288,1.0726818578849778e-5
4289,3.294665706361003e-4
4290,8.274974332255543e-5
4291,1.3791623887092572e-5
4292,1.0726818578849778e-5
4293,2.1453637157699556e-5
4294,1.2259221232971176e-5
4295,4.597207962364191e-6
4296,4.597207962364191e-6
4297,7.662013270606985e-6
4299,4.597207962364191e-6
4300,6.129610616485588e-6
4301,1.532402654121397e-5
4302,3.984246900715632e-5
4303,4.597207962364191e-6
4304,6.129610616485588e-6
4305,1.2259221232971176e-5
4306,4.290727431539911e-5
4307,3.8310066353034925e-4
4308,5.976370351073448e-5
4309,6.589331412722007e-5
4310,6.742571678134146e-5
4311,1.8388831849456763e-4
4312,1.2259221232971176e-5
4313,3.064805308242794e-6
4314,9.194415924728382e-6
4315,3.064805308242794e-6
4316,1.3791623887092572e-5
4317,2.6050845120063747e-5
4318,9.194415924728382e-6
4319,3.2180455736549336e-5
4320,6.129610616485588e-6
4321,1.532402654121397e-6
4322,9.194415924728382e-6
4323,1.3791623887092572e-5
4324,4.597207962364191e-6
4325,4.597207962364191e-6
4326,1.1186539375086198e-4
4327,4.597207962364191e-6
4328,7.662013270606985e-6
4330,3.6777663698913526e-5
4331,3.064805308242794e-6
4332,3.064805308242794e-6
4333,6.282850881897727e-5
4334,1.3791623887092572e-5
4335,9.194415924728382e-6
4336,2.2986039811820954e-5
4337,2.00744747689903e-4
4338,3.831006635303492e-5
4339,6.129610616485588e-6
4340,7.662013270606985e-6
4341,3.984246900715632e-5
4342,1.6856429195335365e-5
4343,9.96061725178908e-5
4344,3.524526104479213e-5
4345,1.532402654121397e-6
4346,3.064805308242794e-6
4347,6.895811943546286e-5
4348,1.992123450357816e-5
4349,3.064805308242794e-6
4350,1.532402654121397e-6
4351,4.597207962364191e-6
4352,1.8388831849456763e-5
4353,3.064805308242794e-6
4354,6.129610616485588e-6
4355,2.9115650428306543e-5
4356,4.597207962364191e-6
4357,4.597207962364191e-6
4358,1.532402654121397e-6
4359,3.064805308242794e-6
4360,6.129610616485588e-6
4361,4.597207962364191e-6
4362,0.0010328393888778215
4363,3.064805308242794e-6
4364,5.547297607919457e-4
4366,3.831006635303492e-5
4367,2.3599000873469512e-4
4368,2.1453637157699556e-5
4369,8.428214597667684e-5
4370,7.662013270606985e-6
4371,9.50089645555266e-5
4372,4.597207962364191e-6
4373,3.6777663698913526e-5
4374,4.75044822777633e-5
4375,1.2259221232971176e-5
4377,2.8502689366657983e-4
4378,1.0726818578849779e-4
4379,6.129610616485588e-5
4380,1.992123450357816e-5
4381,1.8388831849456763e-5
4382,3.064805308242794e-6
4383,4.597207962364191e-6
4384,1.532402654121397e-6
4385,4.367347564245981e-4
4386,1.532402654121397e-6
4387,1.532402654121397e-6
4388,3.6777663698913526e-5
4389,2.957537122454296e-4
4390,1.0726818578849778e-5
4391,7.355532739782705e-5
4392,4.75044822777633e-5
4393,3.064805308242794e-5
4394,4.597207962364191e-6
4395,4.597207962364191e-6
4396,1.8388831849456763e-5
4397,7.662013270606985e-6
4398,4.597207962364191e-6
4399,4.597207962364191e-6
4400,9.194415924728382e-6
4401,1.6856429195335365e-5
4402,9.194415924728382e-6
4403,7.662013270606985e-6
4404,1.532402654121397e-6
4405,1.532402654121397e-6
4406,6.129610616485588e-6
4407,3.064805308242794e-6
4408,9.194415924728382e-6
4409,1.0726818578849778e-5
4411,6.436091147309867e-5
4412,1.2259221232971176e-5
4413,1.2259221232971176e-5
4414,1.6856429195335365e-5
4415,1.8388831849456763e-5
4416,1.532402654121397e-6
4417,1.394486415250471e-4
4418,2.9115650428306543e-5
4419,6.129610616485588e-6
4420,5.516649554837029e-5
4421,9.194415924728382e-6
4422,6.129610616485588e-6
4423,1.532402654121397e-5
4424,3.064805308242794e-6
4425,3.064805308242794e-6
4426,6.129610616485588e-6
4427,3.984246900715632e-5
4429,1.0726818578849778e-5
4430,1.532402654121397e-6
4431,1.8388831849456763e-5
4432,4.597207962364191e-6
4433,4.597207962364191e-6
4434,7.662013270606985e-6
4435,4.597207962364191e-6
4436,6.129610616485588e-6
4437,5.2101690240127493e-5
4438,4.9036884931884704e-5
4439,4.597207962364191e-6
4440,1.0726818578849778e-5
4441,7.662013270606985e-6
4442,2.00744747689903e-4
4443,4.597207962364191e-6
4444,3.064805308242794e-6
4445,2.9115650428306543e-5
4446,2.4518442465942352e-5
4447,9.194415924728382e-6
4448,4.3366995111635535e-4
4449,1.6856429195335365e-5
4450,3.064805308242794e-6
4451,6.129610616485588e-6
4452,1.0726818578849778e-5
4453,9.194415924728382e-6
4454,7.662013270606985e-6
4455,2.2986039811820954e-5
4456,3.064805308242794e-6
4457,1.6856429195335365e-5
4458,4.597207962364191e-6
4459,4.75044822777633e-5
4460,2.1453637157699556e-5
4461,3.064805308242794e-6
4462,1.532402654121397e-6
4463,2.6970286712536584e-4
4464,2.2986039811820954e-5
4465,3.064805308242794e-6
4466,4.597207962364191e-6
4467,1.532402654121397e-6
4468,1.532402654121397e-6
4469,1.93082734419296e-4
4470,3.064805308242794e-6
4471,6.129610616485588e-6
4472,3.064805308242794e-6
4473,9.194415924728382e-6
4475,2.7583247774185145e-5
4476,4.597207962364191e-6
4477,1.532402654121397e-6
4478,7.662013270606985e-6
4479,1.8388831849456763e-5
4480,1.3791623887092572e-5
4481,4.597207962364191e-6
4482,3.064805308242794e-5
4483,6.129610616485588e-6
4484,4.597207962364191e-6
4485,4.75044822777633e-5
4486,9.041175659316241e-5
4487,1.3485143356268292e-4
4488,5.516649554837029e-5
4489,3.524526104479213e-5
4490,1.1646260171322617e-4
4491,1.8388831849456763e-5
4492,3.371285839067073e-5
4493,7.662013270606985e-6
4494,4.597207962364191e-6
4495,2.1453637157699556e-5
4496,6.129610616485588e-6
4497,1.7469390256983925e-4
4498,5.05692875860061e-5
4499,3.064805308242794e-6
4500,1.532402654121397e-6
4501,3.064805308242794e-6
4502,5.05692875860061e-5
4503,3.524526104479213e-5
4504,1.2259221232971176e-5
4505,4.597207962364191e-6
4506,6.129610616485588e-6
4507,4.597207962364191e-6
4508,3.064805308242794e-6
4509,2.2986039811820954e-5
4510,4.597207962364191e-6
4511,4.597207962364191e-6
4512,9.194415924728382e-6
4513,1.1493019905910477e-4
4514,1.3791623887092572e-5
4515,1.532402654121397e-5
4516,3.064805308242794e-6
4517,3.524526104479213e-5
4518,3.064805308242794e-6
4519,6.129610616485588e-6
4521,7.662013270606985e-6
4523,3.064805308242794e-6
4524,1.992123450357816e-5
4525,3.064805308242794e-6
4526,3.371285839067073e-5
4527,4.597207962364191e-6
4528,1.2259221232971176e-5
4529,3.984246900715632e-5
4530,1.6856429195335365e-5
4531,3.064805308242794e-6
4532,6.129610616485588e-6
4533,1.3791623887092572e-5
4535,1.0880058844261918e-4
4536,3.064805308242794e-6
4537,5.6698898202491684e-5
4538,1.547726680662611e-4
4539,3.831006635303492e-5
4540,4.597207962364191e-6
4541,1.8388831849456763e-5
4542,2.6050845120063747e-5
4543,3.064805308242794e-6
4544,0.0011646260171322617
4545,3.064805308242794e-6
4546,1.3791623887092572e-5
4548,3.064805308242794e-6
4549,7.662013270606985e-6
4551,9.194415924728382e-6
4552,1.3791623887092572e-5
4553,3.064805308242794e-6
4554,3.064805308242794e-6
4555,4.597207962364191e-6
4556,7.662013270606985e-6
4557,2.8042968570421564e-4
4558,1.3791623887092572e-5
4559,7.662013270606985e-6
4560,2.1453637157699556e-5
4561,1.532402654121397e-6
4562,8.826639287739246e-4
4563,3.524526104479213e-5
4564,9.96061725178908e-5
4565,4.597207962364191e-6
4568,4.443967696952051e-5
4569,1.532402654121397e-6
4570,1.3791623887092572e-5
4571,1.3791623887092572e-5
4572,4.137487166127772e-5
4573,3.984246900715632e-5
4574,2.1453637157699556e-5
4575,4.75044822777633e-5
4576,5.2101690240127493e-5
4577,6.129610616485588e-6
4578,1.532402654121397e-5
4579,9.194415924728382e-6
4580,3.478554024855571e-4
4581,3.371285839067073e-5
4582,1.0726818578849778e-5
4583,5.05692875860061e-5
4584,3.064805308242794e-6
4585,7.662013270606985e-6
4586,2.1453637157699556e-5
4587,3.064805308242794e-5
4588,1.532402654121397e-6
4589,1.532402654121397e-6
4590,8.734695128491963e-5
4591,2.6050845120063747e-5
4592,2.2986039811820954e-5
4593,9.96061725178908e-5
4594,7.677337297148199e-4
4595,4.597207962364191e-6
4596,1.2259221232971176e-5
4597,4.888364466647256e-4
4598,4.597207962364191e-6
4599,5.8231300856613086e-5
4600,5.8231300856613086e-5
4601,1.0726818578849778e-5
4602,1.2259221232971176e-4
4603,3.064805308242794e-6
4604,1.8388831849456763e-5
4605,3.064805308242794e-6
4606,3.2180455736549336e-4
4607,1.8388831849456763e-5
4608,1.532402654121397e-6
4609,3.064805308242794e-6
4610,7.999141854513692e-4
4611,1.532402654121397e-6
4612,1.532402654121397e-5
4613,1.3791623887092572e-5
4614,3.064805308242794e-6
4615,6.129610616485588e-5
4616,4.597207962364191e-6
4617,2.2986039811820954e-4
4618,1.3791623887092572e-5
4619,3.831006635303492e-5
4620,5.05692875860061e-5
4621,1.0726818578849778e-5
4622,7.662013270606985e-6
4623,1.3791623887092572e-5
4624,1.992123450357816e-5
4625,2.1453637157699556e-5
4626,1.2259221232971176e-5
4627,6.129610616485588e-6
4628,4.597207962364191e-6
4629,1.2259221232971176e-5
4630,1.992123450357816e-5
4631,7.355532739782705e-5
4632,1.6856429195335365e-5
4633,6.129610616485588e-6
4634,1.0726818578849778e-5
4635,1.3791623887092572e-5
4636,3.524526104479213e-5
4637,1.0726818578849778e-5
4638,7.355532739782705e-5
4639,4.597207962364191e-6
4640,3.064805308242794e-6
4641,3.064805308242794e-6
4642,1.532402654121397e-5
4643,3.064805308242794e-6
4644,7.662013270606985e-6
4645,3.064805308242794e-6
4646,5.976370351073448e-5
4647,3.524526104479213e-5
4648,4.9036884931884704e-5
4649,6.129610616485588e-6
4650,6.129610616485588e-5
4651,5.516649554837029e-5
4652,4.597207962364191e-6
4653,3.187397520572506e-4
4654,1.440458494874113e-4
4655,4.6278560154466186e-4
4656,4.137487166127772e-5
4657,2.4518442465942352e-5
4658,8.887935393904103e-5
4659,6.129610616485588e-6
4660,9.194415924728382e-6
4661,1.6856429195335365e-5
4662,4.597207962364191e-6
4663,4.597207962364191e-6
4664,4.597207962364191e-5
4665,1.0726818578849778e-5
4666,6.129610616485588e-6
4667,4.597207962364191e-6
4668,3.064805308242794e-6
4669,4.597207962364191e-6
4670,1.532402654121397e-6
4671,2.1453637157699556e-5
4672,6.129610616485588e-6
4673,1.0726818578849778e-5
4674,1.2259221232971176e-5
4675,3.6777663698913526e-5
4676,3.064805308242794e-6
4677,1.0726818578849778e-5
4678,3.064805308242794e-6
4679,4.597207962364191e-6
4680,3.064805308242794e-6
4681,7.662013270606985e-6
4682,8.734695128491963e-5
4683,7.662013270606985e-6
4684,3.064805308242794e-6
4685,1.532402654121397e-6
4686,6.129610616485588e-6
4687,1.0726818578849778e-5
4688,3.064805308242794e-6
4689,4.597207962364191e-6
4690,7.662013270606985e-6
4691,6.129610616485588e-6
4692,1.992123450357816e-5
4693,4.7198001746939024e-4
4694,4.597207962364191e-5
4695,2.1453637157699556e-5
4696,3.064805308242794e-6
4697,5.8231300856613086e-5
4698,6.129610616485588e-6
4699,1.0726818578849778e-5
4700,1.992123450357816e-5
4701,4.597207962364191e-6
4702,1.532402654121397e-5
4703,5.6698898202491684e-5
4704,2.1453637157699556e-5
4705,1.2872182294619734e-4
4706,2.1760117688523836e-4
4707,8.428214597667684e-5
4708,1.2259221232971176e-4
4709,4.597207962364191e-6
4710,3.064805308242794e-5
4711,3.984246900715632e-5
4712,1.2259221232971176e-5
4713,1.532402654121397e-5
4714,6.129610616485588e-6
4715,4.597207962364191e-6
4716,6.129610616485588e-6
4717,1.0726818578849778e-5
4718,1.992123450357816e-5
4719,1.532402654121397e-6
4720,3.064805308242794e-6
4721,6.129610616485588e-6
4722,1.2259221232971176e-5
4723,8.887935393904103e-5
4724,1.532402654121397e-5
4725,4.597207962364191e-6
4726,4.597207962364191e-6
4727,6.129610616485588e-6
4728,7.662013270606985e-6
4729,7.662013270606985e-6
4730,1.3485143356268292e-4
4731,1.8388831849456763e-5
4732,1.992123450357816e-5
4733,3.984246900715632e-5
4734,2.1913357953935977e-4
4735,1.532402654121397e-6
4736,6.129610616485588e-6
4737,4.597207962364191e-6
4738,1.532402654121397e-6
4739,8.581454863079822e-5
4740,9.194415924728382e-6
4741,1.532402654121397e-5
4742,4.9036884931884704e-5
4743,4.597207962364191e-6
4744,4.597207962364191e-6
4745,1.532402654121397e-6
4746,4.597207962364191e-6
4747,6.129610616485588e-6
4748,5.3634092894248895e-5
4749,4.597207962364191e-6
4750,9.194415924728382e-6
4751,1.532402654121397e-6
4752,1.532402654121397e-6
4753,5.8231300856613086e-5
4754,8.121734066843403e-5
4755,2.4518442465942352e-5
4756,1.3791623887092572e-5
4757,6.129610616485588e-6
4758,6.129610616485588e-6
4759,9.194415924728382e-6
4760,1.2872182294619734e-4
4761,3.831006635303492e-5
4762,1.3791623887092572e-4
4763,3.064805308242794e-6
4764,6.129610616485588e-6
4765,4.597207962364191e-6
4766,2.1453637157699556e-5
4767,9.194415924728382e-6
4768,3.984246900715632e-5
4769,6.129610616485588e-6
4770,1.8388831849456763e-5
4771,7.662013270606985e-6
4772,6.129610616485588e-6
4773,1.8388831849456763e-5
4774,9.194415924728382e-6
4775,1.532402654121397e-6
4776,2.099391636146314e-4
4777,6.129610616485588e-6
4778,6.282850881897727e-5
4779,1.992123450357816e-5
4780,1.0726818578849778e-5
4781,6.589331412722007e-5
4782,1.532402654121397e-6
4783,6.129610616485588e-6
4784,9.194415924728382e-6
4785,1.2259221232971176e-5
4786,4.597207962364191e-6
4787,3.064805308242794e-6
4788,4.597207962364191e-6
4789,1.9155033176517463e-4
4790,1.2565701763795454e-4
4791,2.9115650428306543e-5
4792,1.486430574497755e-4
4793,6.436091147309867e-5
4794,7.508773005194845e-5
4795,3.064805308242794e-6
4796,1.532402654121397e-5
4797,1.532402654121397e-6
4798,6.129610616485588e-6
4799,7.355532739782705e-5
4800,4.597207962364191e-6
4801,2.9115650428306543e-5
4802,7.662013270606985e-6
4803,1.0726818578849778e-5
4804,2.4518442465942352e-5
4805,2.9115650428306543e-5
4806,6.129610616485588e-6
4807,2.6050845120063747e-5
4808,1.3791623887092572e-5
4809,4.137487166127772e-5
4810,1.0726818578849778e-5
4812,4.597207962364191e-6
4813,1.992123450357816e-5
4814,1.6856429195335365e-5
4815,1.3791623887092572e-5
4816,3.984246900715632e-5
4817,1.0726818578849778e-5
4818,2.2986039811820954e-4
4819,1.0726818578849778e-5
4820,1.0726818578849778e-5
4821,6.129610616485588e-6
4822,4.137487166127772e-5
4823,3.831006635303492e-5
4824,1.532402654121397e-6
4825,1.3791623887092572e-5
4826,4.597207962364191e-6
4827,2.4518442465942352e-5
4828,1.0726818578849778e-5
4829,4.597207962364191e-6
4830,1.532402654121397e-6
4831,2.1453637157699556e-5
4833,7.662013270606985e-6
4834,8.428214597667684e-5
4835,1.6856429195335367e-4
4836,1.532402654121397e-6
4837,4.597207962364191e-6
4838,1.0726818578849778e-5
4839,6.129610616485588e-6
4840,1.532402654121397e-6
4841,4.597207962364191e-6
4842,4.597207962364191e-6
4843,1.6090227868274668e-4
4844,1.8388831849456763e-5
4845,7.662013270606985e-6
4846,3.064805308242794e-6
4847,2.7583247774185145e-5
4848,3.064805308242794e-6
4849,1.6856429195335365e-5
4850,4.290727431539911e-5
4851,7.662013270606985e-6
4852,3.371285839067073e-5
4853,1.532402654121397e-6
4854,6.129610616485588e-6
4855,3.2180455736549336e-5
4856,9.194415924728382e-6
4857,6.129610616485588e-6
4858,3.984246900715632e-5
4859,4.290727431539911e-5
4860,2.1453637157699556e-5
4861,3.371285839067073e-5
4862,6.972432076252356e-4
4863,2.053419556522672e-4
4864,7.355532739782705e-5
4865,2.1913357953935977e-4
4866,7.202292474370565e-5
4867,6.129610616485588e-6
4868,4.597207962364191e-6
4869,1.532402654121397e-5
4870,2.1453637157699556e-5
4871,1.0726818578849778e-5
4872,3.064805308242794e-6
4873,1.2259221232971176e-5
4874,3.064805308242794e-6
4875,9.194415924728382e-6
4876,1.6856429195335365e-5
4877,2.2986039811820954e-5
4878,1.532402654121397e-6
4879,4.597207962364191e-6
4880,6.129610616485587e-4
4881,4.597207962364191e-6
4882,7.662013270606985e-6
4883,2.1453637157699556e-5
4884,1.8388831849456763e-5
4885,3.064805308242794e-6
4886,7.662013270606985e-6
4888,1.563050707203825e-4
4889,1.532402654121397e-5
4891,1.0726818578849778e-5
4892,3.141425440948864e-4
4893,6.742571678134146e-5
4894,3.6777663698913526e-5
4895,4.9036884931884704e-5
4896,1.532402654121397e-6
4897,1.532402654121397e-5
4898,1.532402654121397e-5
4899,3.2486936267373613e-4
4900,1.992123450357816e-5
4901,9.194415924728382e-6
4902,5.976370351073448e-5
4903,3.064805308242794e-5
4904,1.011385751720122e-4
4905,4.597207962364191e-6
4906,7.662013270606985e-6
4907,6.129610616485588e-6
4908,1.6856429195335365e-5
4909,4.9036884931884704e-5
4910,1.3791623887092572e-5
4911,3.064805308242794e-6
4912,1.6856429195335365e-5
4913,2.1453637157699556e-5
4914,1.532402654121397e-5
4915,6.129610616485588e-6
4917,2.3905481404293792e-4
4918,4.137487166127772e-5
4919,1.3791623887092572e-5
4920,6.129610616485588e-6
4921,9.194415924728382e-6
4922,9.194415924728382e-6
4923,2.6050845120063747e-5
4924,1.532402654121397e-6
4925,7.662013270606985e-6
4926,5.05692875860061e-5
4927,8.734695128491963e-5
4928,7.662013270606985e-6
4929,4.597207962364191e-6
4930,1.0726818578849778e-5
4931,9.194415924728382e-6
4932,4.597207962364191e-6
4933,1.900179291110532e-4
4934,4.597207962364191e-5
4935,9.194415924728382e-6
4936,6.129610616485588e-6
4937,7.662013270606985e-6
4938,3.064805308242794e-6
4939,2.2986039811820954e-5
4940,2.7583247774185145e-5
4941,4.597207962364191e-6
4943,6.129610616485588e-6
4944,7.662013270606985e-6
4945,1.532402654121397e-6
4947,2.2986039811820954e-5
4948,1.8388831849456763e-5
4950,3.6777663698913526e-5
4951,3.371285839067073e-5
4952,4.597207962364191e-6
4953,1.992123450357816e-5
4954,4.597207962364191e-6
4955,2.2986039811820954e-5
4956,1.532402654121397e-6
4957,1.1799500436734756e-4
4958,4.597207962364191e-6
4959,4.290727431539911e-5
4960,4.597207962364191e-6
4961,3.064805308242794e-6
4962,1.2259221232971176e-5
4963,1.532402654121397e-5
4964,1.1799500436734756e-4
4965,9.194415924728382e-6
4966,4.597207962364191e-6
4967,1.532402654121397e-6
4968,4.612531988905405e-4
4969,2.4518442465942352e-5
4970,1.0726818578849778e-5
4971,2.4518442465942352e-5
4972,4.597207962364191e-6
4973,4.597207962364191e-6
4974,6.129610616485588e-6
4975,6.129610616485588e-6
4976,6.129610616485588e-6
4977,6.129610616485588e-6
4978,1.532402654121397e-6
4979,1.532402654121397e-6
4980,4.597207962364191e-6
4981,1.532402654121397e-6
4982,4.597207962364191e-6
4983,4.597207962364191e-6
4984,3.064805308242794e-6
4985,7.662013270606985e-6
4986,1.2259221232971176e-5
4987,7.815253536019124e-5
4988,4.290727431539911e-5
4989,4.597207962364191e-6
4990,1.532402654121397e-6
4991,1.6856429195335365e-5
4992,2.4518442465942352e-5
4993,2.2986039811820954e-5
4994,1.0726818578849778e-5
4995,4.597207962364191e-6
4996,1.532402654121397e-5
4997,7.662013270606985e-6
4998,1.4098104417916853e-4
4999,1.0420338048025499e-4
5000,1.532402654121397e-6
5001,3.064805308242794e-6
5002,7.662013270606985e-6
5003,6.129610616485588e-6
5004,7.662013270606985e-6
5005,3.064805308242794e-6
5006,1.532402654121397e-5
5007,4.597207962364191e-6
5008,3.064805308242794e-6
5009,3.064805308242794e-6
5010,3.831006635303492e-5
5011,9.194415924728382e-6
5012,7.662013270606985e-6
5013,7.662013270606985e-6
5015,7.662013270606985e-6
5016,1.7009669460747506e-4
5017,8.121734066843403e-5
5018,3.064805308242794e-6
5019,6.129610616485588e-6
5020,7.662013270606985e-6
5021,1.3331903090856153e-4
5022,0.001011385751720122
5023,2.2986039811820954e-5
5024,2.1453637157699556e-5
5025,2.1453637157699556e-5
5026,1.992123450357816e-5
5027,1.8388831849456763e-5
5028,1.6856429195335365e-5
5029,1.6856429195335365e-5
5030,1.532402654121397e-5
5031,1.532402654121397e-5
5032,1.547726680662611e-4
5033,1.1646260171322617e-4
5036,2.7583247774185145e-5
5037,7.662013270606985e-6
5038,2.2986039811820954e-5
5039,7.815253536019124e-5
5040,1.6856429195335365e-5
5041,1.3791623887092572e-5
5042,1.3025422560031873e-4
5043,3.064805308242794e-6
5044,6.129610616485588e-6
5045,4.597207962364191e-6
5046,4.137487166127772e-5
5047,6.129610616485588e-6
5048,4.597207962364191e-6
5049,1.532402654121397e-6
5050,3.064805308242794e-6
5051,1.6856429195335365e-5
5052,3.064805308242794e-6
5053,3.064805308242794e-6
5054,1.6856429195335365e-5
5055,3.064805308242794e-6
5056,1.6856429195335365e-5
5057,3.064805308242794e-6
5058,1.0726818578849778e-5
5059,5.6698898202491684e-5
5060,3.064805308242794e-6
5061,1.2259221232971176e-5
5062,9.194415924728382e-6
5063,6.129610616485588e-6
5064,6.129610616485588e-6
5065,4.597207962364191e-6
5066,7.493448978653631e-4
5067,3.064805308242794e-6
5068,2.6050845120063747e-5
5069,3.064805308242794e-6
5070,2.1453637157699556e-5
5071,4.597207962364191e-6
5072,3.04948128170158e-4
5073,1.3791623887092572e-5
5074,3.064805308242794e-6
5075,2.4518442465942352e-5
5076,7.662013270606985e-6
5077,1.992123450357816e-5
5078,7.662013270606985e-6
5079,2.9115650428306543e-5
5080,6.129610616485588e-5
5081,9.194415924728382e-6
5082,3.064805308242794e-6
5083,1.1493019905910477e-4
5084,3.064805308242794e-6
5085,4.137487166127772e-5
5086,1.8388831849456763e-5
5087,3.984246900715632e-5
5088,2.4518442465942352e-5
5089,1.2259221232971176e-5
5090,4.7964203073999726e-4
5091,1.3791623887092572e-5
5092,1.0726818578849778e-5
5093,3.064805308242794e-6
5094,6.129610616485588e-6
5095,3.524526104479213e-5
5097,7.9684938014312645e-05
5098,1.6856429195335365e-5
5099,7.662013270606985e-6
5100,3.064805308242794e-6
5101,9.194415924728382e-5
5102,9.194415924728382e-6
5103,1.992123450357816e-5
5104,6.129610616485588e-5
5105,3.064805308242794e-6
5106,4.597207962364191e-6
5107,3.064805308242794e-6
5108,1.532402654121397e-6
5109,6.129610616485588e-6
5110,6.436091147309867e-5
5111,2.7583247774185145e-5
5112,1.8082351318632483e-4
5113,7.401504819406347e-4
5114,6.129610616485588e-6
5115,1.992123450357816e-5
5116,2.6050845120063747e-5
5117,1.6856429195335365e-5
5118,0.001351579140935072
5119,4.597207962364191e-6
5120,2.9115650428306543e-5
5121,1.2259221232971176e-5
5122,1.6856429195335365e-5
5123,4.443967696952051e-5
5124,1.3791623887092572e-5
5125,2.2066598219348116e-4
5126,7.662013270606985e-6
5127,2.8196208835833705e-4
5128,6.129610616485588e-6
5129,2.7583247774185145e-5
5130,1.532402654121397e-6
5131,7.815253536019124e-5
5132,1.532402654121397e-5
5133,4.597207962364191e-5
5134,1.532402654121397e-6
5135,1.8388831849456763e-5
5136,9.194415924728382e-6
5137,3.064805308242794e-6
5138,2.4518442465942352e-5
5139,3.064805308242794e-6
5140,5.05692875860061e-5
5141,1.532402654121397e-6
5142,3.080129334784008e-4
5143,5.3634092894248895e-5
5144,2.0380955299814578e-4
5145,4.75044822777633e-5
5146,3.064805308242794e-6
5147,5.8231300856613086e-5
5148,0.0013822271940175
5149,6.589331412722007e-5
5151,3.2180455736549336e-5
5152,1.532402654121397e-6
5153,5.05692875860061e-5
5154,1.2259221232971176e-5
5155,9.194415924728382e-6
5156,7.662013270606985e-6
5158,1.532402654121397e-6
5159,7.662013270606985e-6
5160,1.532402654121397e-5
5161,7.662013270606985e-6
5162,7.662013270606985e-6
5163,2.7583247774185145e-5
5164,2.1453637157699556e-5
5165,6.129610616485588e-6
5166,6.129610616485588e-6
5167,6.129610616485588e-6
5168,1.532402654121397e-6
5169,6.129610616485588e-6
5170,1.0726818578849778e-5
5171,1.8388831849456763e-5
5172,6.129610616485588e-6
5173,4.443967696952051e-5
5174,3.064805308242794e-6
5175,3.064805308242794e-5
5176,1.532402654121397e-6
5177,7.662013270606985e-6
5178,1.2259221232971176e-5
5179,3.064805308242794e-6
5180,1.2259221232971176e-5
5181,7.662013270606985e-6
5183,4.75044822777633e-5
5184,6.129610616485588e-6
5185,4.597207962364191e-6
5186,3.064805308242794e-6
5187,4.597207962364191e-6
5188,4.597207962364191e-6
5189,4.597207962364191e-6
5190,1.2259221232971176e-5
5191,7.662013270606985e-6
5192,7.662013270606985e-6
5193,1.8388831849456763e-5
5194,3.371285839067073e-5
5195,4.597207962364191e-6
5196,3.4172579186907153e-4
5197,3.524526104479213e-5
5198,7.202292474370565e-5
5199,1.3791623887092572e-5
5200,3.064805308242794e-6
5201,1.6856429195335365e-5
5202,9.194415924728382e-6
5203,3.064805308242794e-6
5204,6.129610616485588e-6
5205,4.137487166127772e-5
5206,9.194415924728382e-6
5207,4.597207962364191e-6
5208,4.9036884931884704e-5
5209,6.129610616485588e-6
5210,9.194415924728382e-6
5211,7.662013270606985e-6
5212,4.597207962364191e-6
5213,3.064805308242794e-6
5214,2.6970286712536584e-4
5215,7.9684938014312645e-05
5216,1.532402654121397e-6
5217,6.129610616485588e-6
5218,1.8388831849456763e-4
5219,1.2105980967559036e-4
5220,9.194415924728382e-6
5221,8.274974332255543e-5
5222,9.194415924728382e-6
5223,4.597207962364191e-6
5224,1.2412461498383315e-4
5225,3.064805308242794e-6
5226,7.662013270606985e-6
5227,3.064805308242794e-6
5228,4.597207962364191e-6
5229,6.129610616485588e-6
5230,6.129610616485588e-6
5231,1.0726818578849778e-5
5232,1.532402654121397e-6
5233,9.194415924728382e-6
5234,3.187397520572506e-4
5235,6.129610616485588e-6
5236,1.2259221232971176e-5
5237,3.524526104479213e-5
5238,4.597207962364191e-6
5239,9.194415924728382e-6
5240,7.662013270606985e-6
5241,7.662013270606985e-6
5242,3.064805308242794e-6
5243,3.2180455736549336e-5
5244,6.129610616485588e-6
5245,6.129610616485588e-6
5246,7.662013270606985e-6
5247,5.516649554837029e-5
5248,1.3791623887092572e-5
5249,7.508773005194845e-5
5250,1.532402654121397e-6
5251,6.129610616485588e-6
5252,1.6856429195335365e-5
5253,3.064805308242794e-6
5254,1.0726818578849778e-5
5255,2.3599000873469512e-4
5256,3.2180455736549336e-5
5257,4.597207962364191e-6
5258,4.443967696952051e-5
5260,9.194415924728382e-6
5261,1.532402654121397e-5
5262,6.129610616485588e-6
5263,6.129610616485588e-6
5264,7.662013270606985e-6
5265,7.662013270606985e-6
5266,2.1913357953935977e-4
5267,3.064805308242794e-6
5268,6.129610616485588e-6
5269,1.532402654121397e-5
5270,7.815253536019124e-5
5271,6.129610616485588e-5
5272,6.129610616485588e-6
5273,4.597207962364191e-6
5274,1.6856429195335365e-5
5275,4.597207962364191e-6
5276,4.597207962364191e-6
5277,1.2259221232971176e-5
5278,6.129610616485588e-6
5279,6.129610616485588e-6
5280,1.532402654121397e-6
5281,7.662013270606985e-6
5282,6.129610616485588e-6
5283,1.0726818578849778e-5
5284,4.597207962364191e-6
5285,1.532402654121397e-6
5286,1.532402654121397e-6
5287,2.4518442465942352e-5
5288,3.064805308242794e-6
5289,3.064805308242794e-6
5290,1.532402654121397e-6
5291,9.194415924728382e-6
5292,1.532402654121397e-6
5293,4.597207962364191e-6
5295,7.662013270606985e-6
5296,3.12610141440765e-4
5297,5.3634092894248895e-5
5298,6.129610616485588e-6
5299,3.064805308242794e-6
5300,1.2412461498383315e-4
5301,1.0726818578849778e-5
5303,2.2986039811820954e-5
5304,6.129610616485588e-6
5305,1.532402654121397e-6
5306,3.064805308242794e-6
5307,1.532402654121397e-6
5308,1.8388831849456763e-5
5310,3.064805308242794e-6
5311,1.6856429195335365e-5
5312,6.129610616485588e-6
5313,9.96061725178908e-5
5314,8.581454863079822e-5
5315,7.662013270606985e-6
5316,7.662013270606985e-6
5317,5.516649554837029e-5
5318,7.508773005194845e-5
5319,4.597207962364191e-6
5320,9.194415924728382e-6
5321,7.662013270606985e-6
5322,7.355532739782705e-5
5323,6.129610616485588e-6
5324,9.194415924728382e-6
5325,9.194415924728382e-6
5326,3.064805308242794e-6
5327,1.1339779640498337e-4
5328,2.4518442465942352e-5
5329,1.0726818578849778e-5
5330,4.597207962364191e-6
5331,4.597207962364191e-6
5332,3.064805308242794e-6
5333,6.129610616485588e-6
5335,1.0726818578849778e-5
5336,1.8388831849456763e-5
5337,9.194415924728382e-6
5338,3.064805308242794e-6
5339,1.2259221232971176e-5
5340,2.2986039811820954e-5
5341,4.443967696952051e-5
5343,3.064805308242794e-6
5344,3.831006635303492e-5
5346,2.4518442465942352e-5
5347,4.597207962364191e-6
5348,9.194415924728382e-6
5349,4.597207962364191e-6
5350,7.662013270606985e-6
5351,1.6856429195335365e-5
5353,7.662013270606985e-6
5354,1.532402654121397e-6
5355,1.532402654121397e-6
5356,4.597207962364191e-6
5357,4.597207962364191e-6
5358,6.129610616485588e-6
5360,1.532402654121397e-6
5361,1.0726818578849778e-5
5362,6.129610616485588e-6
5363,1.1952740702146896e-4
5364,1.992123450357816e-5
5365,9.194415924728382e-6
5366,3.064805308242794e-6
5367,1.532402654121397e-6
5368,4.597207962364191e-6
5369,1.3791623887092572e-5
5370,6.129610616485588e-6
5371,8.121734066843403e-5
5372,1.3791623887092572e-5
5373,3.2640176532785755e-4
5374,4.597207962364191e-6
5375,2.4518442465942352e-5
5376,3.064805308242794e-6
5377,6.129610616485588e-6
5378,3.064805308242794e-6
5380,4.75044822777633e-5
5381,6.129610616485588e-5
5382,6.895811943546286e-5
5383,1.6856429195335365e-5
5384,7.662013270606985e-6
5385,4.597207962364191e-6
5386,9.194415924728382e-6
5387,4.597207962364191e-6
5388,1.532402654121397e-6
5389,1.3791623887092572e-5
5390,2.7583247774185145e-5
5391,2.9115650428306543e-5
5392,1.532402654121397e-6
5393,3.6777663698913526e-5
5394,4.2754034049986974e-4
5395,1.532402654121397e-6
5396,1.2259221232971176e-5
5397,1.532402654121397e-6
5398,6.129610616485588e-6
5399,6.129610616485588e-6
5400,3.984246900715632e-5
5401,7.692661323689412e-4
5402,9.194415924728382e-6
5403,3.064805308242794e-6
5404,1.6856429195335365e-5
5405,9.194415924728382e-6
5406,1.532402654121397e-5
5407,4.597207962364191e-6
5408,4.597207962364191e-6
5409,6.129610616485588e-6
5410,1.532402654121397e-5
5411,1.0726818578849778e-5
5413,5.2101690240127493e-5
5414,7.662013270606985e-6
5415,1.0726818578849778e-5
5416,1.532402654121397e-6
5417,7.662013270606985e-6
5418,1.6856429195335365e-5
5419,4.290727431539911e-5
5420,2.0380955299814578e-4
5421,1.547726680662611e-4
5422,1.532402654121397e-6
5423,4.137487166127772e-5
5424,3.7390624760562087e-4
5425,5.516649554837029e-5
5426,3.064805308242794e-6
5427,3.2180455736549336e-5
5428,1.532402654121397e-6
5430,4.137487166127772e-5
5431,1.532402654121397e-6
5432,7.662013270606984e-5
5433,4.597207962364191e-6
5434,1.6856429195335365e-5
5435,7.049052208958426e-5
5436,9.194415924728382e-6
5437,6.129610616485588e-6
5438,1.0726818578849778e-5
5439,1.992123450357816e-5
5440,4.597207962364191e-6
5441,7.662013270606985e-6
5442,1.593698760286253e-4
5443,1.2259221232971176e-5
5444,1.532402654121397e-5
5445,3.064805308242794e-6
5446,1.486430574497755e-4
5447,3.6777663698913526e-5
5448,5.2101690240127493e-5
5451,6.129610616485588e-6
5452,6.129610616485588e-6
5453,3.064805308242794e-6
5454,1.532402654121397e-6
5455,4.597207962364191e-6
5456,1.532402654121397e-6
5457,3.064805308242794e-6
5458,6.129610616485588e-6
5459,2.1453637157699556e-5
5460,1.532402654121397e-6
5461,7.662013270606985e-6
5462,2.00744747689903e-4
5463,1.6856429195335365e-5
5465,1.532402654121397e-5
5466,6.129610616485588e-6
5467,1.0726818578849778e-5
5468,0.001308671866619673
5469,1.532402654121397e-6
5470,1.532402654121397e-5
5472,1.2259221232971176e-5
5473,4.597207962364191e-6
5474,1.2259221232971176e-5
5475,1.532402654121397e-6
5476,1.3791623887092572e-5
5477,1.3791623887092572e-5
5478,1.6703188929923226e-4
5479,4.75044822777633e-5
5480,4.137487166127772e-5
5481,1.0726818578849778e-5
5482,1.992123450357816e-5
5483,1.532402654121397e-6
5484,1.1493019905910477e-4
5485,1.2259221232971176e-5
5486,1.0726818578849778e-5
5487,1.532402654121397e-6
5488,9.50089645555266e-5
5489,1.6243468133686807e-4
5490,3.064805308242794e-6
5491,4.597207962364191e-6
5492,4.597207962364191e-6
5493,3.064805308242794e-6
5494,7.662013270606984e-5
5495,8.274974332255543e-5
5496,9.194415924728382e-6
5497,6.129610616485588e-6
5498,4.597207962364191e-6
5499,5.976370351073448e-5
5501,1.5324026541213968e-4
5502,1.2259221232971176e-5
5503,1.2259221232971176e-5
5504,6.129610616485588e-6
5505,6.282850881897727e-5
5506,3.064805308242794e-5
5507,1.532402654121397e-6
5508,9.194415924728382e-6
5509,6.129610616485588e-6
5510,1.2259221232971176e-5
5511,3.064805308242794e-6
5512,2.9115650428306543e-5
5513,9.194415924728382e-6
5514,1.532402654121397e-6
5515,1.8848552645693182e-4
5516,4.597207962364191e-6
5517,1.0726818578849778e-5
5518,6.129610616485588e-6
5519,5.3634092894248895e-5
5520,1.532402654121397e-5
5521,2.9115650428306543e-5
5522,6.129610616485588e-6
5523,1.3791623887092572e-5
5524,1.532402654121397e-6
5526,1.6856429195335365e-5
5527,3.064805308242794e-6
5528,4.597207962364191e-6
5529,2.6050845120063747e-5
5530,1.6856429195335365e-5
5531,1.0726818578849778e-5
5532,6.129610616485588e-6
5533,4.152811192668986e-4
5534,1.532402654121397e-5
5535,4.597207962364191e-6
5536,4.597207962364191e-6
5537,0.0025621772376909755
5538,2.1453637157699556e-5
5539,1.4557825214153272e-4
5540,1.2105980967559036e-4
5541,8.887935393904103e-5
5542,6.129610616485588e-6
5543,1.532402654121397e-5
5544,7.662013270606985e-6
5545,1.3791623887092572e-5
5546,4.443967696952051e-5
5547,3.064805308242794e-6
5548,1.6856429195335365e-5
5549,4.597207962364191e-6
5550,3.064805308242794e-6
5551,0.0035521093522533982
5552,1.532402654121397e-6
5553,1.532402654121397e-6
5554,1.0726818578849778e-5
5555,3.371285839067073e-5
5556,0.0019216329282682318
5557,2.1453637157699556e-5
5558,6.129610616485588e-6
5559,6.129610616485588e-6
5560,1.3791623887092572e-5
5561,6.436091147309867e-5
5562,1.532402654121397e-6
5563,1.9614753972753882e-4
5564,3.064805308242794e-6
5565,3.064805308242794e-6
5566,9.194415924728382e-6
5567,1.0726818578849778e-5
5568,3.064805308242794e-5
5569,7.662013270606985e-6
5570,1.532402654121397e-6
5571,5.6698898202491684e-5
5572,9.194415924728382e-6
5573,4.459291723493265e-4
5574,4.597207962364191e-6
5575,5.2101690240127493e-5
5576,2.1453637157699556e-5
5577,3.831006635303492e-5
5578,7.662013270606985e-6
5579,1.4251344683328991e-4
5580,6.129610616485588e-6
5581,9.6541367209648e-5
5582,5.516649554837029e-5
5583,1.532402654121397e-6
5584,8.581454863079822e-5
5585,1.0726818578849778e-5
5586,3.064805308242794e-6
5587,1.593698760286253e-4
5588,1.532402654121397e-6
5589,9.194415924728382e-5
5590,3.064805308242794e-6
5591,2.9115650428306543e-5
5592,9.194415924728382e-6
5593,1.532402654121397e-6
5594,1.8388831849456763e-5
5595,1.532402654121397e-6
5596,5.3634092894248895e-5
5597,6.129610616485588e-6
5598,4.597207962364191e-6
5599,9.194415924728382e-5
5600,1.8388831849456763e-5
5601,1.992123450357816e-5
5602,2.9115650428306543e-5
5603,6.895811943546286e-5
5604,3.6777663698913526e-5
5605,1.532402654121397e-6
5606,3.064805308242794e-6
5607,6.129610616485588e-6
5608,1.7009669460747506e-4
5609,1.2259221232971176e-5
5610,6.144934643026802e-4
5611,2.6050845120063747e-5
5612,3.064805308242794e-6
5613,1.501754601038969e-4
5614,5.179520970930322e-4
5615,1.6856429195335365e-5
5616,4.75044822777633e-5
5617,3.064805308242794e-6
5618,1.9614753972753882e-4
5619,5.3634092894248895e-5
5620,2.9115650428306543e-5
5621,4.597207962364191e-6
5622,1.532402654121397e-6
5623,7.662013270606985e-6
5624,1.0726818578849778e-5
5625,2.2986039811820954e-5
5626,2.1453637157699556e-5
5627,6.129610616485588e-6
5628,1.2259221232971176e-5
5629,4.290727431539911e-5
5630,4.597207962364191e-6
5631,4.597207962364191e-6
5632,3.064805308242794e-6
5633,4.597207962364191e-6
5634,1.532402654121397e-5
5635,7.662013270606985e-6
5636,1.532402654121397e-6
5637,6.129610616485588e-6
5638,1.532402654121397e-6
5639,1.8388831849456763e-5
5640,6.129610616485588e-6
5641,2.1453637157699556e-5
5642,4.597207962364191e-6
5643,4.597207962364191e-6
5644,7.355532739782705e-5
5645,4.597207962364191e-6
5646,1.3791623887092572e-5
5647,1.6856429195335365e-5
5648,3.064805308242794e-6
5649,1.532402654121397e-6
5650,4.597207962364191e-6
5651,3.064805308242794e-6
5652,1.532402654121397e-5
5653,7.662013270606985e-6
5654,1.532402654121397e-6
5655,9.194415924728382e-6
5656,2.9115650428306543e-5
5657,9.50089645555266e-5
5658,1.6856429195335365e-5
5660,2.7583247774185145e-5
5661,7.662013270606985e-6
5662,1.3791623887092572e-5
5663,1.532402654121397e-6
5664,6.282850881897727e-5
5665,9.194415924728382e-6
5666,6.129610616485588e-6
5667,6.129610616485588e-6
5668,4.597207962364191e-6
5669,7.662013270606985e-6
5670,1.3791623887092572e-5
5672,5.516649554837029e-5
5673,4.290727431539911e-5
5674,1.532402654121397e-6
5675,6.129610616485588e-6
5676,1.8388831849456763e-5
5677,1.2259221232971176e-5
5678,1.2259221232971176e-5
5679,1.0726818578849778e-5
5680,6.129610616485588e-6
5681,3.064805308242794e-6
5683,3.064805308242794e-6
5684,7.662013270606985e-6
5685,1.0726818578849778e-5
5686,9.194415924728382e-6
5687,1.2259221232971176e-5
5688,7.662013270606985e-6
5689,3.064805308242794e-6
5690,9.194415924728382e-6
5691,1.3791623887092572e-5
5692,2.6050845120063747e-5
5693,1.3791623887092572e-5
5694,1.532402654121397e-6
5695,7.662013270606985e-6
5697,4.597207962364191e-6
5698,7.662013270606985e-6
5699,3.064805308242794e-6
5700,4.443967696952051e-4
5701,9.194415924728382e-5
5702,4.597207962364191e-6
5703,4.597207962364191e-6
5704,3.064805308242794e-6
5705,5.976370351073448e-5
5706,6.589331412722007e-5
5707,1.532402654121397e-5
5708,1.1646260171322617e-4
5709,3.064805308242794e-6
5710,7.202292474370565e-5
5711,5.516649554837029e-5
5712,7.662013270606985e-6
5713,7.662013270606985e-6
5714,1.532402654121397e-5
5715,7.662013270606985e-6
5716,2.6050845120063747e-5
5717,4.597207962364191e-6
5718,7.662013270606985e-6
5719,1.532402654121397e-6
5720,4.137487166127772e-5
5721,7.662013270606985e-6
5722,4.597207962364191e-6
5723,4.597207962364191e-6
5724,3.064805308242794e-6
5725,3.064805308242794e-6
5726,1.2105980967559036e-4
5727,1.7775870787808205e-4
5728,6.895811943546286e-5
5729,4.443967696952051e-5
5730,4.443967696952051e-5
5731,4.597207962364191e-6
5732,1.3791623887092572e-5
5733,3.478554024855571e-4
5734,7.662013270606985e-6
5735,1.2259221232971176e-5
5736,1.532402654121397e-6
5737,6.129610616485588e-6
5738,6.129610616485588e-6
5739,1.3485143356268292e-4
5740,1.8388831849456763e-5
5741,2.4518442465942352e-5
5742,1.532402654121397e-5
5743,4.597207962364191e-6
5744,1.0726818578849778e-5
5745,2.2986039811820954e-5
5746,1.0726818578849778e-5
5747,1.532402654121397e-6
5748,7.662013270606985e-6
5749,1.992123450357816e-5
5750,2.1453637157699556e-5
5751,1.532402654121397e-5
5752,2.7583247774185145e-5
5753,1.532402654121397e-5
5754,6.129610616485588e-6
5755,2.4518442465942352e-5
5756,3.064805308242794e-6
5757,1.532402654121397e-5
5758,4.597207962364191e-6
5759,6.129610616485588e-6
5760,6.129610616485588e-6
5761,1.0726818578849778e-5
5762,1.532402654121397e-6
5764,7.662013270606985e-6
5765,1.2259221232971176e-5
5766,3.371285839067073e-5
5767,9.194415924728382e-6
5768,4.597207962364191e-6
5769,3.064805308242794e-5
5770,3.064805308242794e-6
5771,1.8388831849456763e-5
5772,1.532402654121397e-6
5773,1.6856429195335365e-5
5774,1.532402654121397e-5
5775,5.2101690240127493e-5
5776,5.8231300856613086e-5
5777,3.064805308242794e-6
5778,2.7583247774185145e-5
5779,7.662013270606985e-6
5780,6.129610616485588e-6
5781,1.8388831849456763e-5
5782,7.662013270606985e-6
5783,9.194415924728382e-6
5784,1.992123450357816e-5
5785,4.597207962364191e-6
5786,2.1453637157699556e-5
5787,1.7162909726159645e-4
5788,1.2259221232971176e-5
5789,9.194415924728382e-6
5790,3.064805308242794e-5
5791,3.064805308242794e-6
5792,1.2259221232971176e-5
5793,3.064805308242794e-6
5794,1.8388831849456763e-5
5795,8.581454863079822e-5
5796,2.9115650428306543e-5
5797,4.597207962364191e-6
5798,1.532402654121397e-6
5799,9.194415924728382e-6
5800,4.597207962364191e-6
5801,1.532402654121397e-6
5802,1.532402654121397e-6
5803,4.597207962364191e-6
5804,1.532402654121397e-6
5805,1.7929111053220344e-4
5806,7.662013270606985e-6
5807,1.3791623887092572e-5
5808,2.6050845120063747e-5
5810,1.532402654121397e-6
5811,3.064805308242794e-6
5812,5.05692875860061e-5
5813,4.597207962364191e-5
5814,1.3331903090856153e-4
5815,4.597207962364191e-6
5816,4.597207962364191e-6
5817,1.992123450357816e-5
5818,4.597207962364191e-6
5819,1.3791623887092572e-5
5820,2.4518442465942352e-5
5821,4.597207962364191e-6
5822,1.2259221232971176e-5
5823,3.064805308242794e-6
5824,7.662013270606985e-6
5825,9.194415924728382e-6
5826,1.532402654121397e-5
5827,4.597207962364191e-6
5829,1.2259221232971176e-5
5831,4.597207962364191e-6
5832,3.064805308242794e-6
5833,4.597207962364191e-6
5834,3.064805308242794e-6
5835,7.662013270606985e-6
5837,1.532402654121397e-6
5838,4.597207962364191e-6
5839,6.129610616485588e-6
5840,1.532402654121397e-6
5841,1.992123450357816e-5
5842,3.984246900715632e-5
5843,1.6856429195335365e-5
5844,6.129610616485588e-6
5845,6.742571678134146e-5
5846,6.129610616485588e-6
5847,7.662013270606985e-6
5848,4.597207962364191e-6
5850,5.3634092894248895e-5
5851,7.662013270606985e-6
5852,2.6050845120063747e-5
5853,3.064805308242794e-6
5854,6.129610616485588e-6
5855,2.3752241138881653e-4
5856,3.831006635303492e-5
5857,8.274974332255543e-5
5858,5.976370351073448e-5
5859,1.532402654121397e-5
5860,4.597207962364191e-6
5861,2.2986039811820954e-5
5862,1.3791623887092572e-5
5863,1.3791623887092572e-5
5864,2.2986039811820954e-5
5865,4.597207962364191e-6
5866,9.194415924728382e-5
5867,7.662013270606985e-6
5868,2.2986039811820954e-5
5870,6.129610616485588e-6
5871,1.3791623887092572e-4
5872,5.976370351073448e-5
5873,1.2259221232971176e-5
5874,1.532402654121397e-6
5875,1.0726818578849778e-5
5876,1.0726818578849778e-5
5877,9.194415924728382e-6
5878,8.581454863079822e-5
5879,3.064805308242794e-5
5880,1.532402654121397e-6
5881,6.129610616485588e-6
5882,6.129610616485588e-6
5883,3.2180455736549336e-5
5884,2.9115650428306543e-5
5885,2.2986039811820954e-5
5886,1.2259221232971176e-5
5887,3.064805308242794e-6
5888,9.194415924728382e-6
5889,6.895811943546286e-5
5890,3.371285839067073e-5
5891,1.992123450357816e-5
5892,5.179520970930322e-4
5893,9.194415924728382e-6
5894,4.597207962364191e-6
5895,4.597207962364191e-6
5896,1.0726818578849778e-5
5897,9.194415924728382e-6
5898,1.0726818578849778e-5
5899,9.194415924728382e-6
5900,7.662013270606985e-6
5901,3.064805308242794e-6
5902,1.2259221232971176e-5
5903,1.0726818578849778e-5
5904,1.0726818578849778e-5
5905,3.064805308242794e-6
5906,7.662013270606985e-6
5907,6.129610616485588e-6
5908,7.662013270606985e-6
5909,1.532402654121397e-6
5910,3.2180455736549336e-5
5911,1.3791623887092572e-5
5912,4.597207962364191e-6
5913,3.064805308242794e-6
5914,9.194415924728382e-6
5915,1.3791623887092572e-5
5916,1.532402654121397e-6
5917,4.597207962364191e-6
5918,9.194415924728382e-6
5919,1.532402654121397e-6
5920,4.597207962364191e-6
5921,1.532402654121397e-6
5922,4.597207962364191e-6
5924,2.6050845120063747e-5
5925,4.597207962364191e-6
5926,2.6050845120063747e-5
5927,1.532402654121397e-5
5928,4.597207962364191e-6
5929,5.6698898202491684e-5
5930,6.742571678134146e-5
5931,5.8231300856613086e-5
5932,4.443967696952051e-5
5933,3.6777663698913526e-5
5934,1.1952740702146896e-4
5935,3.064805308242794e-5
5936,4.597207962364191e-6
5937,1.532402654121397e-6
5938,6.282850881897727e-5
5939,5.05692875860061e-5
5940,9.194415924728382e-6
5942,4.597207962364191e-6
5943,1.8388831849456763e-5
5944,9.194415924728382e-6
5945,9.194415924728382e-6
5946,1.3791623887092572e-5
5947,4.597207962364191e-6
5948,3.064805308242794e-6
5949,3.064805308242794e-6
5950,1.532402654121397e-6
5951,6.742571678134146e-5
5952,3.064805308242794e-6
5953,1.992123450357816e-5
5954,7.662013270606985e-6
5955,1.2259221232971176e-5
5956,4.597207962364191e-6
5957,1.2259221232971176e-5
5958,6.282850881897727e-5
5960,2.7583247774185145e-5
5961,3.064805308242794e-6
5962,1.0726818578849778e-5
5963,6.129610616485588e-6
5964,1.2259221232971176e-5
5965,7.662013270606985e-6
5966,1.6856429195335365e-5
5967,4.597207962364191e-6
5968,7.662013270606985e-6
5969,2.4518442465942352e-5
5970,3.064805308242794e-6
5972,4.597207962364191e-6
5973,1.6856429195335365e-5
5974,7.662013270606985e-6
5975,3.831006635303492e-5
5976,1.532402654121397e-6
5977,2.4518442465942352e-5
5978,1.6856429195335365e-5
5979,9.194415924728382e-6
5980,7.662013270606985e-6
5981,1.2259221232971176e-5
5982,1.0726818578849778e-5
5984,1.1646260171322617e-4
5985,1.1033299109674058e-4
5986,1.532402654121397e-6
5987,3.524526104479213e-5
5988,2.7583247774185145e-5
5989,4.137487166127772e-5
5990,1.0726818578849778e-5
5991,6.129610616485588e-6
5992,3.064805308242794e-6
5993,1.0726818578849778e-5
5994,2.1606877423111697e-4
5995,4.137487166127772e-5
5996,3.064805308242794e-6
5997,4.597207962364191e-6
5998,3.8769787149271344e-4
5999,2.4518442465942352e-5
6000,2.2986039811820954e-5
6001,2.1453637157699556e-5
6002,3.064805308242794e-6
6003,1.532402654121397e-5
6004,6.129610616485588e-6
6005,1.1799500436734756e-4
6006,7.662013270606985e-6
6008,6.129610616485588e-6
6009,1.532402654121397e-6
6010,2.1453637157699556e-5
6011,7.662013270606985e-6
6012,6.129610616485588e-6
6014,1.992123450357816e-5
6016,1.2259221232971176e-5
6017,7.662013270606985e-6
6018,4.597207962364191e-6
6019,3.064805308242794e-6
6020,1.532402654121397e-6
6021,3.064805308242794e-6
6022,9.194415924728382e-6
6023,1.2259221232971176e-5
6024,7.662013270606985e-6
6025,1.532402654121397e-6
6026,4.597207962364191e-6
6027,6.129610616485588e-6
6028,1.532402654121397e-6
6029,9.347656190140522e-5
6030,4.597207962364191e-6
6031,3.2333696001961477e-4
6032,1.2259221232971176e-5
6034,4.597207962364191e-6
6035,1.8388831849456763e-5
6036,6.895811943546286e-5
6037,3.064805308242794e-6
6038,3.064805308242794e-6
6039,6.129610616485588e-6
6040,4.597207962364191e-6
6041,1.532402654121397e-6
6042,1.8388831849456763e-5
6043,1.8848552645693182e-4
6044,4.290727431539911e-5
6045,1.532402654121397e-5
6046,2.2679559280996674e-4
6047,4.597207962364191e-6
6048,6.742571678134146e-5
6049,3.064805308242794e-6
6050,2.436520220053021e-4
6051,3.984246900715632e-5
6052,4.597207962364191e-6
6053,1.532402654121397e-5
6054,1.532402654121397e-6
6055,4.597207962364191e-5
6056,8.274974332255543e-5
6058,1.3791623887092572e-5
6059,7.662013270606984e-5
6060,4.597207962364191e-6
6061,6.436091147309867e-5
6062,1.2259221232971176e-5
6063,1.6856429195335365e-5
6064,6.129610616485588e-6
6065,2.6050845120063747e-5
6066,4.597207962364191e-6
6067,4.597207962364191e-6
6068,4.597207962364191e-6
6069,9.194415924728382e-6
6070,3.064805308242794e-6
6071,3.6777663698913526e-5
6072,1.0726818578849778e-5
6073,1.532402654121397e-6
6074,6.129610616485588e-5
6075,2.7583247774185145e-5
6076,2.7583247774185145e-5
6077,5.8231300856613086e-5
6078,1.6856429195335365e-5
6079,7.662013270606985e-6
6080,6.129610616485588e-6
6081,1.532402654121397e-6
6082,6.129610616485588e-6
6083,4.597207962364191e-6
6084,3.064805308242794e-6
6085,6.129610616485588e-6
6086,4.597207962364191e-6
6087,3.371285839067073e-5
6088,1.2259221232971176e-5
6089,1.532402654121397e-5
6090,1.532402654121397e-5
6091,2.6050845120063747e-5
6092,7.662013270606985e-6
6093,4.597207962364191e-6
6094,1.6856429195335365e-5
6095,1.532402654121397e-6
6096,9.194415924728382e-6
6097,1.3791623887092572e-4
6098,9.807376986376941e-5
6099,3.064805308242794e-6
6100,8.121734066843403e-5
6101,2.6050845120063747e-5
6102,4.137487166127772e-5
6103,7.662013270606985e-6
6104,3.064805308242794e-6
6105,6.129610616485588e-6
6106,6.129610616485588e-6
6107,4.443967696952051e-5
6108,8.274974332255543e-5
6109,1.532402654121397e-6
6110,4.597207962364191e-6
6111,1.0726818578849778e-5
6112,4.597207962364191e-6
6113,3.064805308242794e-6
6114,3.064805308242794e-6
6115,1.532402654121397e-6
6116,4.597207962364191e-6
6117,9.194415924728382e-6
6118,9.194415924728382e-6
6119,7.662013270606985e-6
6120,7.662013270606985e-6
6121,2.2986039811820954e-5
6122,6.129610616485588e-6
6123,6.129610616485588e-6
6124,1.3025422560031873e-4
6125,4.137487166127772e-5
6126,4.597207962364191e-6
6127,3.064805308242794e-5
6128,0.0010803438711555848
6129,6.129610616485588e-5
6130,3.064805308242794e-6
6131,9.50089645555266e-5
6132,3.064805308242794e-6
6133,7.9684938014312645e-05
6134,7.662013270606985e-6
6135,9.194415924728382e-6
6136,3.064805308242794e-6
6137,3.064805308242794e-6
6138,4.597207962364191e-6
6139,6.129610616485588e-6
6140,1.0726818578849778e-5
6141,5.8231300856613086e-5
6142,4.597207962364191e-6
6143,3.831006635303492e-5
6144,3.064805308242794e-6
6145,1.2259221232971176e-5
6146,6.129610616485588e-5
6147,1.532402654121397e-6
6148,4.597207962364191e-6
6149,2.1453637157699556e-5
6150,4.597207962364191e-6
6151,4.597207962364191e-6
6153,2.4518442465942352e-5
6154,4.597207962364191e-6
6155,3.064805308242794e-6
6156,2.1453637157699556e-5
6157,4.597207962364191e-6
6158,6.129610616485588e-6
6159,1.532402654121397e-6
6160,4.597207962364191e-6
6161,4.597207962364191e-6
6162,1.0726818578849778e-5
6163,3.064805308242794e-6
6164,3.064805308242794e-6
6165,4.597207962364191e-6
6166,3.064805308242794e-6
6167,2.7583247774185145e-5
6168,1.2259221232971176e-5
6169,1.532402654121397e-6
6170,6.129610616485588e-6
6171,4.597207962364191e-6
6173,4.597207962364191e-6
6174,4.597207962364191e-6
6175,4.597207962364191e-6
6176,3.064805308242794e-6
6177,6.129610616485588e-6
6178,8.887935393904103e-5
6179,1.3791623887092572e-5
6180,9.194415924728382e-6
6181,2.4518442465942352e-5
6182,7.662013270606985e-6
6183,2.7583247774185145e-5
6184,9.194415924728382e-6
6185,3.064805308242794e-5
6187,4.597207962364191e-6
6188,7.662013270606985e-6
6189,2.6050845120063747e-5
6190,7.662013270606985e-6
6191,4.597207962364191e-6
6192,6.129610616485588e-6
6193,7.662013270606985e-6
6194,1.3791623887092572e-5
6195,4.597207962364191e-6
6196,3.064805308242794e-6
6197,6.129610616485588e-6
6198,6.129610616485588e-6
6199,4.597207962364191e-6
6200,9.194415924728382e-6
6201,4.597207962364191e-6
6202,1.992123450357816e-5
6203,9.500896455552661e-4
6204,4.597207962364191e-6
6206,4.597207962364191e-6
6207,2.9115650428306543e-5
6208,4.597207962364191e-6
6209,7.662013270606985e-6
6210,3.12610141440765e-4
6211,1.2259221232971176e-5
6212,1.8388831849456763e-5
6213,1.6396708399098948e-4
6214,3.2180455736549336e-5
6215,4.597207962364191e-6
6216,1.532402654121397e-6
6217,6.129610616485588e-6
6218,7.662013270606985e-6
6219,1.3791623887092572e-5
6220,1.2259221232971176e-5
6221,1.2259221232971176e-5
6222,4.597207962364191e-6
6223,7.662013270606985e-6
6224,1.6856429195335365e-5
6225,1.0726818578849778e-5
6226,7.662013270606985e-6
6227,1.532402654121397e-5
6228,7.662013270606985e-6
6229,2.6050845120063747e-5
6230,1.3791623887092572e-5
6231,9.194415924728382e-6
6232,1.0726818578849778e-5
6233,4.597207962364191e-6
6234,2.2986039811820954e-5
6235,1.532402654121397e-6
6236,9.194415924728382e-5
6237,1.3791623887092572e-5
6238,4.597207962364191e-6
6239,9.194415924728382e-6
6240,9.194415924728382e-6
6241,2.4518442465942352e-5
6242,1.532402654121397e-5
6243,3.064805308242794e-6
6245,2.1453637157699556e-5
6246,3.064805308242794e-6
6247,1.532402654121397e-6
6248,3.831006635303492e-5
6249,4.597207962364191e-6
6250,2.9115650428306543e-5
6251,4.597207962364191e-6
6252,4.597207962364191e-6
6253,3.064805308242794e-6
6254,1.6856429195335365e-5
6255,2.1453637157699556e-5
6256,3.064805308242794e-6
6257,1.532402654121397e-6
6258,1.3791623887092572e-5
6259,4.597207962364191e-6
6260,1.532402654121397e-6
6261,7.662013270606985e-6
6262,9.194415924728382e-6
6263,3.831006635303492e-5
6264,3.064805308242794e-6
6265,9.194415924728382e-6
6266,3.6777663698913526e-5
6267,7.662013270606985e-6
6268,6.129610616485588e-6
6269,6.129610616485588e-6
6270,9.194415924728382e-6
6271,1.0726818578849778e-5
6272,3.064805308242794e-6
6273,1.0726818578849778e-5
6274,5.2101690240127493e-5
6275,1.7469390256983925e-4
6276,6.129610616485588e-6
6277,1.6856429195335365e-5
6278,1.0726818578849778e-5
6279,1.0726818578849778e-5
6280,1.2259221232971176e-5
6281,1.532402654121397e-6
6282,7.662013270606985e-6
6283,2.9115650428306543e-5
6284,7.662013270606985e-6
6285,3.2180455736549336e-5
6286,7.662013270606985e-6
6287,6.895811943546286e-5
6288,4.597207962364191e-6
6289,1.532402654121397e-6
6290,3.064805308242794e-6
6291,4.290727431539911e-5
6292,2.2986039811820954e-5
6293,3.064805308242794e-6
6294,1.3791623887092572e-5
6295,8.964555526610172e-4
6296,1.8082351318632483e-4
6297,1.6856429195335365e-5
6298,9.807376986376941e-5
6299,8.872611367362888e-4
6300,9.194415924728382e-6
6301,3.524526104479213e-5
6302,2.9115650428306543e-5
6303,4.597207962364191e-6
6304,4.597207962364191e-6
6305,9.6541367209648e-5
6306,1.2259221232971176e-5
6307,1.532402654121397e-5
6309,1.532402654121397e-6
6310,6.129610616485588e-6
6311,1.3025422560031873e-4
6312,3.064805308242794e-6
6313,3.064805308242794e-6
6314,5.2101690240127493e-5
6315,5.777158006037667e-4
6316,6.129610616485588e-6
6317,1.3791623887092572e-5
6318,4.597207962364191e-6
6319,7.662013270606985e-6
6320,2.7736488039597286e-4
6321,1.532402654121397e-6
6322,6.129610616485588e-6
6324,1.0726818578849778e-5
6325,7.662013270606985e-6
6326,5.3634092894248895e-5
6327,1.3485143356268292e-4
6328,1.532402654121397e-6
6329,6.129610616485588e-6
6330,4.597207962364191e-6
6331,5.05692875860061e-5
6332,9.194415924728382e-6
6333,5.976370351073448e-5
6334,1.532402654121397e-6
6337,1.992123450357816e-5
6338,3.064805308242794e-6
6340,4.597207962364191e-6
6341,7.662013270606985e-6
6342,1.3791623887092572e-5
6343,2.9115650428306543e-5
6344,6.129610616485588e-6
6345,9.194415924728382e-6
6346,1.3638383621680434e-4
6347,1.6856429195335365e-5
6348,4.597207962364191e-6
6349,2.9115650428306543e-5
6350,5.8231300856613086e-5
6351,9.807376986376941e-5
6353,2.9115650428306543e-5
6354,4.597207962364191e-6
6355,1.532402654121397e-6
6356,3.064805308242794e-6
6357,4.597207962364191e-6
6358,7.662013270606985e-6
6359,4.597207962364191e-6
6360,4.8270683604824003e-4
6361,1.8388831849456763e-5
6362,2.1453637157699556e-5
6363,1.3791623887092572e-5
6364,6.129610616485588e-6
6365,4.597207962364191e-6
6366,4.597207962364191e-6
6367,3.064805308242794e-6
6368,5.087576811683038e-4
6369,7.662013270606985e-6
6370,1.6856429195335365e-5
6371,3.064805308242794e-6
6372,2.0840676096050997e-4
6373,1.6856429195335365e-5
6374,4.597207962364191e-6
6375,1.6856429195335365e-5
6376,3.064805308242794e-6
6377,3.064805308242794e-6
6378,1.3791623887092572e-5
6379,1.532402654121397e-6
6380,4.597207962364191e-6
6381,1.532402654121397e-6
6382,4.597207962364191e-6
6383,3.064805308242794e-6
6384,7.662013270606985e-6
6385,9.194415924728382e-6
6386,1.532402654121397e-5
6387,1.532402654121397e-6
6388,3.064805308242794e-6
6389,1.532402654121397e-6
6390,2.9115650428306543e-5
6391,6.129610616485588e-6
6392,4.597207962364191e-6
6393,6.129610616485588e-6
6394,2.2219838484760255e-4
6395,1.532402654121397e-5
6396,1.6856429195335365e-5
6397,7.662013270606985e-6
6398,1.1339779640498337e-4
6399,6.129610616485588e-6
6400,6.129610616485588e-6
6401,1.3791623887092572e-5
6402,6.129610616485588e-6
6403,3.064805308242794e-6
6404,1.0726818578849778e-5
6405,4.597207962364191e-6
6406,1.2259221232971176e-5
6407,9.194415924728382e-6
6408,3.064805308242794e-6
6409,6.129610616485588e-6
6411,1.532402654121397e-6
6412,3.064805308242794e-6
6413,4.597207962364191e-6
6414,2.7583247774185145e-5
6415,1.0573578313437639e-4
6416,3.064805308242794e-5
6417,6.129610616485588e-6
6418,7.662013270606985e-6
6419,3.064805308242794e-6
6420,3.064805308242794e-6
6421,6.129610616485588e-6
6422,1.3791623887092572e-5
6423,6.129610616485588e-6
6424,6.129610616485588e-6
6425,3.064805308242794e-5
6426,3.064805308242794e-6
6427,2.6050845120063747e-5
6428,3.064805308242794e-6
6429,1.532402654121397e-6
6430,1.8388831849456763e-5
6431,2.7583247774185145e-5
6432,3.064805308242794e-6
6433,3.064805308242794e-6
6434,6.129610616485588e-6
6435,3.064805308242794e-6
6436,2.7583247774185145e-5
6437,2.4518442465942352e-5
6438,4.597207962364191e-5
6439,1.0726818578849778e-5
6440,9.194415924728382e-6
6441,2.0380955299814578e-4
6442,7.662013270606985e-6
6443,1.2259221232971176e-5
6444,2.6050845120063747e-5
6445,2.6050845120063747e-5
6446,9.194415924728382e-6
6447,1.2259221232971176e-5
6448,1.6856429195335365e-5
6449,2.9115650428306543e-5
6450,4.597207962364191e-6
6451,1.532402654121397e-5
6452,7.662013270606985e-6
6453,4.597207962364191e-6
6454,1.532402654121397e-6
6455,3.524526104479213e-5
6456,9.194415924728382e-6
6457,1.0726818578849778e-5
6458,1.3791623887092572e-5
6459,9.194415924728382e-6
6460,3.064805308242794e-6
6461,4.597207962364191e-6
6462,7.662013270606985e-6
6463,7.049052208958426e-5
6464,6.129610616485588e-6
6465,1.2259221232971176e-5
6466,6.129610616485588e-6
6467,5.05692875860061e-5
6468,4.597207962364191e-6
6469,3.371285839067073e-5
6470,6.129610616485588e-6
6471,9.194415924728382e-6
6472,3.064805308242794e-6
6473,6.129610616485588e-6
6474,1.0726818578849778e-5
6475,1.0726818578849779e-4
6476,3.064805308242794e-6
6477,1.8388831849456763e-5
6478,3.2180455736549336e-5
6479,6.129610616485588e-6
6480,1.471106547956541e-4
6481,4.597207962364191e-6
6482,5.2101690240127493e-5
6483,4.597207962364191e-6
6484,1.3791623887092572e-5
6485,1.532402654121397e-5
6486,6.129610616485588e-6
6487,2.9115650428306543e-5
6488,6.129610616485588e-6
6489,3.064805308242794e-6
6490,9.194415924728382e-6
6491,1.532402654121397e-6
6493,9.194415924728382e-6
6494,6.129610616485588e-6
6495,1.3791623887092572e-5
6496,3.064805308242794e-6
6497,3.892302741468348e-4
6498,1.2259221232971176e-5
6499,4.597207962364191e-6
6500,1.7009669460747506e-4
6501,2.528464379300305e-4
6502,1.0726818578849778e-5
6503,1.532402654121397e-5
6504,8.750019155033176e-4
6505,7.662013270606985e-6
6506,5.6698898202491684e-5
6507,4.106839113045344e-4
6508,3.371285839067073e-5
6509,7.662013270606985e-6
6510,3.509202077937999e-4
6511,5.3634092894248895e-5
6512,1.532402654121397e-6
6513,6.589331412722007e-5
6514,3.064805308242794e-6
6515,7.769281456395482e-4
6516,7.662013270606985e-6
6517,2.6050845120063747e-5
6518,1.2259221232971176e-5
6519,2.436520220053021e-4
6522,9.194415924728382e-6
6523,4.597207962364191e-6
6524,6.129610616485588e-6
6525,1.6549948664511087e-4
6526,6.742571678134146e-5
6527,3.831006635303492e-5
6528,2.9115650428306543e-5
6529,4.597207962364191e-6
6530,1.1186539375086198e-4
6531,4.597207962364191e-6
6533,9.194415924728382e-6
6534,1.0726818578849778e-5
6535,1.976799423816602e-4
6536,1.532402654121397e-6
6537,1.2412461498383315e-4
6538,1.2259221232971176e-5
6539,2.1453637157699556e-5
6540,9.194415924728382e-6
6541,6.129610616485588e-6
6542,6.129610616485588e-6
6543,2.2986039811820954e-5
6544,6.282850881897727e-5
6545,9.194415924728382e-6
6546,3.064805308242794e-6
6547,7.662013270606985e-6
6548,1.532402654121397e-6
6549,1.7162909726159645e-4
6550,3.2180455736549336e-5
6551,1.8388831849456763e-5
6552,4.597207962364191e-6
6553,6.129610616485588e-6
6554,6.129610616485588e-6
6555,3.064805308242794e-6
6556,3.064805308242794e-5
6557,3.064805308242794e-6
6558,2.1453637157699556e-5
6559,4.597207962364191e-6
6560,7.662013270606985e-6
6561,2.6050845120063747e-5
6562,4.597207962364191e-6
6563,3.984246900715632e-5
6564,6.129610616485588e-6
6565,4.597207962364191e-6
6566,4.597207962364191e-6
6567,3.064805308242794e-6
6568,9.194415924728382e-5
6569,3.6777663698913526e-5
6570,0.001374565180746893
6571,1.532402654121397e-6
6573,1.532402654121397e-5
6574,1.532402654121397e-5
6575,9.194415924728382e-6
6576,1.2259221232971176e-5
6577,1.532402654121397e-5
6578,2.4518442465942352e-5
6579,1.532402654121397e-6
6580,1.1186539375086198e-4
6581,9.194415924728382e-6
6582,1.532402654121397e-6
6583,1.2259221232971176e-5
6584,4.597207962364191e-6
6585,4.597207962364191e-6
6586,3.064805308242794e-6
6587,7.662013270606985e-6
6588,3.524526104479213e-5
6589,1.3791623887092572e-5
6590,1.8388831849456763e-5
6591,1.0726818578849778e-5
6592,3.984246900715632e-5
6593,1.2259221232971176e-5
6594,9.194415924728382e-6
6595,3.064805308242794e-6
6596,3.064805308242794e-6
6597,3.064805308242794e-6
6598,7.662013270606985e-6
6599,3.064805308242794e-6
6600,1.8388831849456763e-5
6601,4.597207962364191e-6
6602,6.129610616485588e-6
6603,3.371285839067073e-5
6604,1.6856429195335365e-5
6606,4.597207962364191e-6
6607,4.597207962364191e-6
6608,9.194415924728382e-6
6609,3.064805308242794e-6
6610,9.194415924728382e-6
6611,7.662013270606985e-6
6612,3.064805308242794e-6
6613,3.064805308242794e-5
6614,4.597207962364191e-6
6615,7.662013270606985e-6
6616,9.6541367209648e-5
6617,1.532402654121397e-6
6619,1.0726818578849778e-5
6620,1.8388831849456763e-5
6621,1.992123450357816e-5
6622,4.597207962364191e-6
6623,9.50089645555266e-5
6624,4.597207962364191e-6
6625,3.064805308242794e-6
6626,3.064805308242794e-6
6627,1.2259221232971176e-5
6628,1.0726818578849778e-5
6629,4.597207962364191e-6
6630,3.064805308242794e-6
6631,4.597207962364191e-6
6632,9.194415924728382e-6
6633,3.064805308242794e-6
6634,1.0726818578849778e-5
6635,4.597207962364191e-6
6636,3.064805308242794e-6
6637,3.064805308242794e-6
6638,6.129610616485588e-6
6639,7.662013270606985e-6
6641,5.2101690240127493e-5
6643,4.597207962364191e-6
6644,1.532402654121397e-5
6645,9.194415924728382e-6
6646,1.532402654121397e-6
6647,1.532402654121397e-6
6648,4.597207962364191e-6
6649,4.597207962364191e-6
6650,1.8695312380281043e-4
6651,4.597207962364191e-6
6652,3.064805308242794e-6
6653,4.597207962364191e-6
6654,6.129610616485588e-6
6655,2.9115650428306543e-5
6656,1.8388831849456763e-5
6657,4.597207962364191e-6
6658,1.2259221232971176e-5
6659,6.129610616485588e-6
6660,4.597207962364191e-6
6661,3.064805308242794e-6
6662,4.597207962364191e-6
6663,1.0726818578849778e-5
6664,2.6050845120063747e-5
6665,9.194415924728382e-6
6666,1.532402654121397e-6
6667,3.831006635303492e-5
6668,5.3634092894248895e-5
6669,2.1453637157699556e-5
6670,9.194415924728382e-6
6671,9.194415924728382e-6
6672,2.2526319015584535e-4
6673,1.532402654121397e-5
6674,3.064805308242794e-6
6675,1.532402654121397e-6
6676,1.0726818578849779e-4
6677,2.7583247774185145e-5
6678,6.129610616485588e-6
6679,4.597207962364191e-6
6680,5.976370351073448e-5
6681,1.2259221232971176e-5
6682,1.0726818578849778e-5
6683,1.0726818578849778e-5
6684,1.0726818578849778e-5
6685,3.064805308242794e-6
6686,4.597207962364191e-5
6687,7.9684938014312645e-05
6688,1.532402654121397e-6
6689,9.194415924728382e-6
6690,5.2101690240127493e-5
6691,1.3791623887092572e-5
6692,6.129610616485588e-6
6693,9.194415924728382e-6
6694,1.992123450357816e-4
6695,4.597207962364191e-5
6696,2.513140352759091e-4
6697,2.7583247774185145e-5
6698,7.06437623549964e-4
6699,9.194415924728382e-6
6700,6.282850881897727e-5
6701,4.597207962364191e-6
6702,2.8655929632070124e-4
6703,2.1453637157699556e-5
6704,4.597207962364191e-6
6705,1.6856429195335365e-5
6706,4.505263803116907e-4
6707,0.0010221125702989718
6708,4.443967696952051e-5
6709,3.064805308242794e-6
6710,7.662013270606985e-6
6711,4.597207962364191e-6
6712,1.532402654121397e-6
6713,1.9155033176517463e-4
6714,7.202292474370565e-5
6715,3.064805308242794e-6
6716,7.662013270606985e-6
6717,7.662013270606985e-6
6718,3.064805308242794e-6
6719,7.508773005194845e-5
6720,5.976370351073448e-5
6721,1.532402654121397e-5
6722,3.064805308242794e-6
6724,4.597207962364191e-6
6725,1.532402654121397e-6
6726,3.064805308242794e-6
6727,3.064805308242794e-6
6728,3.6777663698913526e-5
6729,4.597207962364191e-6
6730,3.064805308242794e-6
6731,3.064805308242794e-6
6732,4.597207962364191e-6
6733,4.597207962364191e-6
6734,1.532402654121397e-5
6735,3.064805308242794e-6
6736,4.597207962364191e-6
6737,4.597207962364191e-6
6739,6.129610616485588e-5
6740,1.8388831849456763e-5
6741,1.2259221232971176e-5
6742,1.992123450357816e-5
6743,1.532402654121397e-6
6744,1.1186539375086198e-4
6745,7.662013270606985e-6
6746,3.984246900715632e-5
6747,6.129610616485588e-6
6748,2.6050845120063747e-5
6750,1.0726818578849778e-5
6751,7.202292474370565e-5
6752,9.194415924728382e-6
6753,1.532402654121397e-5
6754,3.064805308242794e-6
6755,9.194415924728382e-6
6756,6.129610616485588e-6
6757,1.0726818578849778e-5
6758,1.532402654121397e-6
6759,1.517078627580183e-4
6760,9.853349066000583e-4
6761,9.194415924728382e-6
6762,2.1453637157699556e-5
6763,4.9036884931884704e-5
6764,3.064805308242794e-6
6765,4.597207962364191e-6
6766,1.0726818578849778e-5
6767,6.129610616485588e-6
6768,6.129610616485588e-6
6769,3.064805308242794e-6
6771,1.0726818578849778e-5
6773,7.662013270606985e-6
6774,1.532402654121397e-6
6775,1.532402654121397e-6
6776,1.532402654121397e-6
6778,2.9115650428306543e-5
6779,1.8388831849456763e-5
6780,4.597207962364191e-6
6781,2.053419556522672e-4
6782,4.597207962364191e-5
6783,3.064805308242794e-6
6784,1.2259221232971176e-5
6785,7.662013270606985e-6
6786,6.129610616485588e-6
6787,4.597207962364191e-6
6788,2.6050845120063747e-5
6789,4.597207962364191e-6
6791,9.6541367209648e-5
6792,1.532402654121397e-5
6793,9.194415924728382e-6
6794,8.121734066843403e-5
6795,4.597207962364191e-5
6796,1.3791623887092572e-5
6797,4.9036884931884704e-5
6798,7.662013270606985e-6
6799,1.992123450357816e-5
6800,7.049052208958426e-5
6801,9.194415924728382e-6
6803,1.2718942029207595e-4
6804,3.984246900715632e-5
6805,1.532402654121397e-5
6806,3.2180455736549336e-5
6807,5.2101690240127493e-5
6808,3.064805308242794e-6
6809,6.129610616485588e-6
6810,4.597207962364191e-6
6811,4.597207962364191e-6
6812,3.064805308242794e-5
6813,9.194415924728382e-6
6814,4.597207962364191e-6
6815,3.064805308242794e-6
6816,3.064805308242794e-6
6817,4.597207962364191e-6
6818,1.2259221232971176e-5
6819,1.2259221232971176e-5
6820,4.597207962364191e-6
6821,1.8388831849456763e-5
6822,3.064805308242794e-6
6823,1.3791623887092572e-4
6824,7.662013270606985e-6
6825,4.597207962364191e-6
6826,3.064805308242794e-6
6827,1.3791623887092572e-5
6828,3.064805308242794e-6
6829,2.9115650428306543e-5
6830,1.011385751720122e-4
6831,7.662013270606985e-6
6832,2.9115650428306543e-5
6833,9.194415924728382e-6
6834,1.0726818578849778e-5
6835,3.064805308242794e-5
6836,9.194415924728382e-6
6837,4.597207962364191e-6
6838,1.486430574497755e-4
6839,6.282850881897727e-5
6840,2.9115650428306543e-5
6841,9.194415924728382e-6
6842,0.00015783747337450388
6843,3.064805308242794e-6
6844,4.597207962364191e-6
6845,6.742571678134146e-5
6846,3.064805308242794e-6
6847,3.371285839067073e-5
6848,9.194415924728382e-6
6849,6.129610616485588e-6
6850,2.6050845120063747e-5
6851,3.064805308242794e-6
6852,2.1453637157699556e-5
6853,2.9115650428306543e-5
6855,1.0726818578849778e-5
6856,7.662013270606985e-6
6857,7.662013270606985e-6
6858,6.129610616485588e-6
6859,1.2259221232971176e-5
6860,7.662013270606985e-6
6861,1.2412461498383315e-4
6862,3.064805308242794e-6
6864,1.0726818578849778e-5
6865,1.532402654121397e-5
6866,7.662013270606985e-6
6867,4.597207962364191e-6
6868,7.202292474370565e-5
6869,1.532402654121397e-6
6870,1.532402654121397e-6
6871,4.290727431539911e-5
6872,6.129610616485588e-6
6873,1.992123450357816e-5
6874,6.129610616485588e-6
6875,1.3791623887092572e-5
6876,3.064805308242794e-6
6877,6.129610616485588e-6
6878,2.9115650428306543e-5
6879,6.144934643026802e-4
6880,6.282850881897727e-5
6881,2.7583247774185145e-5
6882,9.50089645555266e-5
6883,7.662013270606985e-6
6884,3.064805308242794e-6
6885,1.532402654121397e-6
6886,4.597207962364191e-6
6887,2.4518442465942352e-5
6888,3.064805308242794e-5
6889,1.2259221232971176e-5
6890,6.129610616485588e-6
6891,2.6050845120063747e-5
6892,2.6050845120063747e-5
6893,6.129610616485588e-6
6894,7.662013270606985e-6
6895,1.2259221232971176e-5
6896,3.064805308242794e-6
6897,3.064805308242794e-6
6898,1.532402654121397e-6
6899,6.129610616485588e-6
6901,6.895811943546286e-5
6902,3.003509202077938e-4
6903,3.064805308242794e-6
6904,9.194415924728382e-6
6905,6.129610616485588e-6
6906,4.597207962364191e-6
6907,7.662013270606985e-6
6908,1.0726818578849778e-5
6909,4.597207962364191e-6
6910,2.7583247774185145e-5
6911,4.597207962364191e-6
6913,3.064805308242794e-6
6914,1.532402654121397e-6
6915,3.2180455736549336e-5
6916,2.4518442465942352e-5
6917,1.6856429195335365e-5
6918,4.597207962364191e-6
6919,3.064805308242794e-6
6920,2.4518442465942352e-5
6921,1.0726818578849778e-5
6922,1.532402654121397e-6
6923,2.7583247774185145e-5
6924,3.064805308242794e-6
6925,1.3791623887092572e-5
6926,9.194415924728382e-6
6927,6.129610616485588e-6
6928,8.581454863079822e-5
6929,1.0420338048025499e-4
6930,6.129610616485588e-6
6931,1.2872182294619734e-4
6932,1.1033299109674058e-4
6933,7.662013270606985e-6
6934,8.121734066843403e-5
6935,1.563050707203825e-4
6936,4.597207962364191e-6
6937,6.129610616485588e-6
6938,3.064805308242794e-6
6939,4.597207962364191e-6
6940,1.0726818578849778e-5
6941,1.8848552645693182e-4
6943,6.129610616485588e-6
6944,9.730756853670871e-4
6945,3.064805308242794e-6
6946,1.0726818578849778e-5
6947,6.589331412722007e-5
6948,7.662013270606985e-6
6950,2.4518442465942352e-5
6951,9.194415924728382e-6
6952,4.597207962364191e-6
6953,6.129610616485588e-6
6954,6.129610616485588e-6
6955,3.064805308242794e-6
6956,3.064805308242794e-6
6957,6.129610616485588e-6
6958,1.0726818578849778e-5
6959,6.129610616485588e-6
6960,3.524526104479213e-5
6961,4.137487166127772e-5
6962,1.532402654121397e-6
6963,1.6856429195335365e-5
6964,7.815253536019124e-5
6965,9.041175659316241e-5
6966,1.0726818578849778e-5
6967,7.662013270606985e-6
6968,2.7583247774185145e-5
6969,1.0726818578849778e-5
6970,6.129610616485588e-6
6971,7.662013270606985e-6
6972,1.532402654121397e-6
6973,1.8388831849456763e-5
6974,4.597207962364191e-6
6975,3.524526104479213e-5
6976,7.662013270606985e-6
6977,6.129610616485588e-6
6978,3.064805308242794e-6
6979,7.662013270606985e-6
6980,4.597207962364191e-6
6981,6.129610616485588e-6
6982,3.064805308242794e-6
6984,9.194415924728382e-6
6985,1.0726818578849778e-5
6986,9.194415924728382e-6
6987,1.3178662825444015e-4
6988,4.290727431539911e-5
6989,3.524526104479213e-5
6990,1.8388831849456763e-5
6991,2.4518442465942352e-5
6992,9.194415924728382e-6
6993,6.742571678134146e-5
6994,3.064805308242794e-6
6995,2.9115650428306543e-5
6996,2.4518442465942352e-5
6997,1.992123450357816e-5
6998,2.7583247774185145e-5
6999,4.75044822777633e-5
7000,4.597207962364191e-5
7001,6.129610616485588e-6
7002,1.2872182294619734e-4
7003,1.8388831849456763e-5
7004,1.532402654121397e-5
7005,1.7622630522396064e-4
7006,4.597207962364191e-6
7007,4.1681352192101995e-4
7008,4.597207962364191e-6
7009,3.064805308242794e-6
7010,1.2259221232971176e-5
7011,9.194415924728382e-6
7012,1.0726818578849778e-5
7013,1.532402654121397e-6
7014,4.8270683604824003e-4
7015,2.6050845120063747e-5
7016,6.129610616485588e-5
7017,7.355532739782705e-5
7018,1.532402654121397e-5
7019,1.6856429195335365e-5
7020,1.532402654121397e-5
7021,1.532402654121397e-6
7022,2.4518442465942352e-5
7023,1.992123450357816e-5
7024,3.064805308242794e-6
7025,1.0726818578849778e-5
7026,6.129610616485588e-6
7027,1.2259221232971176e-5
7028,3.064805308242794e-6
7029,9.194415924728382e-6
7030,1.2259221232971176e-5
7031,1.6856429195335365e-5
7032,3.524526104479213e-5
7033,1.3791623887092572e-5
7034,4.597207962364191e-6
7035,7.662013270606985e-6
7036,4.597207962364191e-6
7037,4.597207962364191e-6
7038,9.194415924728382e-6
7039,1.486430574497755e-4
7040,4.597207962364191e-6
7041,1.992123450357816e-5
7042,7.662013270606985e-6
7043,9.194415924728382e-6
7044,6.129610616485588e-6
7045,1.532402654121397e-6
7046,1.593698760286253e-4
7047,4.443967696952051e-5
7048,5.516649554837029e-5
7049,1.2259221232971176e-5
7050,7.662013270606985e-6
7051,1.0726818578849778e-5
7052,9.194415924728382e-6
7053,1.3791623887092572e-5
7054,1.0726818578849779e-4
7056,1.532402654121397e-5
7057,6.129610616485588e-6
7058,1.8388831849456763e-5
7059,2.635732565088803e-4
7060,1.3791623887092572e-5
7061,9.194415924728382e-6
7062,6.436091147309867e-5
7063,1.532402654121397e-6
7064,6.129610616485588e-6
7065,1.8388831849456763e-5
7066,9.807376986376941e-5
7067,7.662013270606985e-6
7068,7.662013270606985e-6
7070,1.3791623887092572e-5
7071,4.597207962364191e-6
7072,1.6856429195335365e-5
7073,1.7162909726159645e-4
7074,2.7583247774185145e-5
7076,1.900179291110532e-4
7077,6.129610616485588e-5
7078,1.2259221232971176e-5
7079,1.6856429195335365e-5
7080,4.597207962364191e-6
7081,1.2259221232971176e-5
7082,9.194415924728382e-6
7083,9.194415924728382e-6
7084,1.3791623887092572e-5
7085,4.597207962364191e-6
7086,9.194415924728382e-6
7087,2.7583247774185145e-5
7088,3.064805308242794e-6
7089,3.064805308242794e-6
7090,5.05692875860061e-5
7091,2.1453637157699556e-5
7092,5.976370351073448e-5
7093,1.0726818578849778e-5
7094,1.532402654121397e-6
7095,1.3791623887092572e-5
7096,6.129610616485588e-6
7097,3.524526104479213e-5
7098,1.2259221232971176e-5
7099,3.2180455736549336e-5
7100,1.532402654121397e-6
7101,1.2259221232971176e-5
7102,6.129610616485588e-6
7103,1.7162909726159645e-4
7104,4.597207962364191e-6
7105,1.992123450357816e-5
7106,9.194415924728382e-6
7107,8.274974332255543e-5
7108,1.532402654121397e-6
7109,7.662013270606985e-6
7110,2.6050845120063747e-5
7111,4.597207962364191e-6
7112,3.064805308242794e-6
7113,3.064805308242794e-6
7114,9.194415924728382e-6
7116,9.194415924728382e-6
7117,1.2259221232971176e-5
7118,1.532402654121397e-6
7119,3.064805308242794e-6
7120,1.532402654121397e-6
7121,7.662013270606985e-6
7123,7.662013270606985e-6
7124,7.355532739782705e-5
7125,1.532402654121397e-5
7126,1.2259221232971176e-5
7127,3.064805308242794e-6
7128,3.064805308242794e-6
7129,2.2986039811820954e-5
7130,2.1453637157699556e-5
7131,4.597207962364191e-6
7132,2.2986039811820954e-5
7133,1.532402654121397e-5
7134,1.0573578313437639e-4
7135,1.992123450357816e-5
7136,7.662013270606985e-6
7137,1.6856429195335365e-5
7138,1.3791623887092572e-5
7139,7.662013270606985e-6
7140,3.6777663698913526e-5
7141,4.597207962364191e-6
7142,1.0726818578849778e-5
7143,3.064805308242794e-6
7144,1.3791623887092572e-5
7145,6.129610616485588e-6
7146,3.064805308242794e-6
7147,1.2259221232971176e-5
7148,4.597207962364191e-6
7149,4.597207962364191e-6
7150,2.1453637157699556e-5
7151,9.194415924728382e-6
7152,3.064805308242794e-6
7153,3.6777663698913526e-5
7154,2.497816326217877e-4
7155,1.1646260171322617e-4
7156,3.064805308242794e-5
7157,1.0726818578849778e-5
7158,1.0726818578849778e-5
7159,4.137487166127772e-5
7160,1.532402654121397e-6
7161,1.8388831849456763e-5
7162,1.6856429195335365e-5
7163,3.1107773878664356e-4
7164,2.6050845120063747e-5
7165,9.194415924728382e-6
7166,4.137487166127772e-5
7167,2.4518442465942352e-5
7168,6.129610616485588e-6
7169,3.064805308242794e-6
7170,2.1453637157699556e-5
7172,3.064805308242794e-6
7173,1.2259221232971176e-5
7174,4.597207962364191e-6
7175,1.0726818578849778e-5
7176,9.194415924728382e-6
7177,2.2986039811820954e-5
7178,4.597207962364191e-6
7179,2.9115650428306543e-5
7180,4.9036884931884704e-5
7181,1.2259221232971176e-5
7182,2.7583247774185145e-5
7183,3.6777663698913526e-5
7184,1.0726818578849778e-5
7185,6.282850881897727e-5
7186,3.064805308242794e-6
7187,1.0726818578849778e-5
7188,6.129610616485588e-6
7189,2.2986039811820954e-5
7190,1.532402654121397e-6
7191,4.597207962364191e-6
7192,1.563050707203825e-4
7193,7.9684938014312645e-05
7194,9.194415924728382e-6
7195,9.194415924728382e-6
7196,2.2986039811820954e-5
7197,7.815253536019124e-5
7198,6.129610616485588e-6
7199,3.064805308242794e-6
7200,7.662013270606985e-6
7201,2.1453637157699556e-5
7202,1.6856429195335365e-5
7203,4.597207962364191e-6
7204,3.064805308242794e-6
7205,7.662013270606985e-6
7206,7.662013270606985e-6
7207,1.532402654121397e-6
7208,6.129610616485588e-6
7209,6.129610616485588e-6
7210,5.8231300856613086e-5
7211,4.2447553519162697e-4
7212,8.274974332255543e-5
7213,8.351594464961614e-4
7214,2.4518442465942352e-5
7215,4.597207962364191e-6
7216,9.194415924728382e-6
7217,0.001443523300182356
7218,1.532402654121397e-6
7219,3.064805308242794e-6
7220,6.129610616485588e-6
7221,1.532402654121397e-6
7222,1.900179291110532e-4
7223,3.064805308242794e-6
7224,7.662013270606985e-6
7225,1.8388831849456763e-5
7226,6.129610616485588e-6
7227,1.7469390256983925e-4
7228,3.064805308242794e-6
7229,9.194415924728382e-5
7230,1.8388831849456763e-5
7231,1.0726818578849778e-5
7232,4.137487166127772e-5
7233,7.662013270606985e-6
7234,1.0726818578849778e-5
7235,1.2259221232971176e-5
7236,9.194415924728382e-6
7237,1.486430574497755e-4
7238,4.597207962364191e-6
7239,9.194415924728382e-6
7240,6.129610616485588e-6
7241,3.371285839067073e-5
7242,3.064805308242794e-6
7243,7.662013270606985e-6
7244,6.129610616485588e-6
7245,3.064805308242794e-6
7246,3.064805308242794e-6
7247,7.662013270606985e-6
7248,4.597207962364191e-6
7249,1.1952740702146896e-4
7250,9.194415924728382e-6
7251,7.662013270606985e-6
7252,7.662013270606985e-6
7253,6.895811943546286e-5
7254,1.532402654121397e-5
7255,3.064805308242794e-6
7256,6.129610616485588e-6
7257,3.064805308242794e-6
7258,4.597207962364191e-6
7259,6.129610616485588e-5
7260,5.8231300856613086e-5
7262,7.662013270606985e-6
7263,6.129610616485588e-6
7264,7.662013270606985e-6
7265,6.129610616485588e-6
7266,2.4518442465942352e-5
7267,3.064805308242794e-6
7268,8.734695128491963e-5
7269,3.831006635303492e-5
7270,1.2259221232971176e-5
7271,7.662013270606985e-6
7272,1.0726818578849778e-5
7273,4.597207962364191e-6
7274,6.129610616485588e-5
7275,3.064805308242794e-5
7276,3.064805308242794e-6
7277,1.6243468133686807e-4
7278,1.8388831849456763e-5
7279,4.597207962364191e-6
7280,4.597207962364191e-6
7281,1.2718942029207595e-4
7282,1.8388831849456763e-5
7283,7.508773005194845e-5
7284,1.532402654121397e-6
7285,9.194415924728382e-6
7286,1.2259221232971176e-5
7287,3.2180455736549336e-5
7288,3.064805308242794e-6
7289,2.4518442465942352e-5
7290,1.532402654121397e-5
7291,7.662013270606985e-6
7292,1.0573578313437639e-4
7293,7.662013270606985e-6
7294,2.4518442465942352e-5
7295,3.064805308242794e-6
7296,6.129610616485588e-6
7297,4.597207962364191e-6
7298,1.6856429195335365e-5
7299,6.129610616485588e-6
7300,1.6856429195335365e-5
7301,4.597207962364191e-6
7302,3.064805308242794e-5
7303,9.194415924728382e-6
7304,1.3025422560031873e-4
7305,6.129610616485588e-6
7306,2.2986039811820954e-5
7307,2.4518442465942352e-5
7308,3.064805308242794e-6
7309,1.532402654121397e-5
7310,3.524526104479213e-5
7311,1.6856429195335365e-5
7312,4.597207962364191e-6
7313,1.3791623887092572e-5
7314,1.011385751720122e-4
7315,6.895811943546286e-5
7316,9.194415924728382e-6
7317,6.129610616485588e-6
7318,6.129610616485588e-6
7319,1.3485143356268292e-4
7320,1.8388831849456763e-5
7321,1.3791623887092572e-5
7322,1.532402654121397e-5
7323,3.064805308242794e-6
7324,1.0573578313437639e-4
7325,8.428214597667684e-5
7326,9.041175659316241e-5
7327,1.532402654121397e-5
7328,2.1453637157699556e-5
7329,1.0726818578849778e-5
7330,6.129610616485588e-6
7331,1.2259221232971176e-5
7332,1.2259221232971176e-5
7334,5.05692875860061e-5
7335,6.129610616485588e-6
7336,1.6856429195335365e-5
7337,1.3791623887092572e-5
7338,1.532402654121397e-5
7339,1.2259221232971176e-5
7340,3.3099897329022174e-4
7341,9.194415924728382e-6
7342,4.597207962364191e-5
7343,1.7009669460747506e-4
7344,1.394486415250471e-4
7345,4.597207962364191e-6
7346,6.129610616485588e-6
7347,1.532402654121397e-6
7348,7.662013270606985e-6
7349,3.064805308242794e-6
7350,2.9115650428306543e-5
7351,1.0573578313437639e-4
7352,5.884426191826164e-4
7353,0.001953813384004781
7354,2.89624101628944e-4
7355,4.964984599353326e-4
7356,9.50089645555266e-5
7357,4.443967696952051e-5
7358,1.532402654121397e-6
7359,3.064805308242794e-6
7360,3.064805308242794e-6
7361,5.8231300856613086e-5
7362,1.2259221232971176e-5
7363,3.984246900715632e-5
7364,7.662013270606985e-6
7365,3.064805308242794e-6
7366,2.4518442465942352e-5
7367,4.75044822777633e-5
7368,3.2180455736549336e-5
7369,1.2259221232971176e-5
7370,1.3791623887092572e-5
7371,1.8082351318632483e-4
7372,1.1339779640498337e-4
7373,5.516649554837029e-5
7374,1.992123450357816e-5
7375,4.75044822777633e-5
7376,4.597207962364191e-6
7377,7.662013270606985e-6
7378,4.597207962364191e-6
7379,1.8388831849456763e-5
7380,7.662013270606985e-6
7381,1.532402654121397e-5
7382,4.597207962364191e-6
7383,6.129610616485588e-6
7384,6.129610616485588e-6
7385,1.532402654121397e-6
7386,4.597207962364191e-6
7387,7.662013270606985e-6
7388,9.194415924728382e-6
7389,1.7469390256983925e-4
7390,7.662013270606985e-6
7391,2.2986039811820954e-5
7392,6.129610616485588e-6
7393,9.194415924728382e-6
7394,1.532402654121397e-6
7395,8.887935393904103e-5
7396,1.3791623887092572e-5
7397,4.597207962364191e-6
7398,4.597207962364191e-6
7399,7.662013270606985e-6
7400,3.064805308242794e-6
7401,6.129610616485588e-6
7402,1.0726818578849778e-5
7404,1.0726818578849778e-5
7405,9.194415924728382e-6
7406,3.524526104479213e-5
7407,6.129610616485588e-6
7408,6.589331412722007e-5
7409,1.532402654121397e-6
7410,0.00015783747337450388
7411,1.0726818578849778e-5
7412,4.597207962364191e-6
7413,1.532402654121397e-5
7414,4.597207962364191e-6
7415,1.532402654121397e-5
7416,5.2101690240127493e-5
7417,7.355532739782705e-5
7418,1.992123450357816e-5
7419,9.194415924728382e-6
7420,5.05692875860061e-5
7421,4.597207962364191e-6
7422,3.371285839067073e-5
7423,1.3791623887092572e-5
7424,3.524526104479213e-5
7425,1.0726818578849778e-5
7427,3.6777663698913526e-5
7428,1.532402654121397e-6
7429,1.532402654121397e-6
7430,1.3791623887092572e-5
7431,7.662013270606985e-6
7432,1.2259221232971176e-5
7433,3.064805308242794e-6
7434,1.8388831849456763e-5
7435,4.7504482277763307e-4
7436,6.129610616485588e-6
7437,4.597207962364191e-6
7439,4.597207962364191e-6
7440,3.064805308242794e-6
7441,1.8388831849456763e-5
7442,1.2259221232971176e-5
7443,6.436091147309867e-5
7444,2.880916989748226e-4
7446,3.064805308242794e-6
7447,4.597207962364191e-6
7448,4.597207962364191e-6
7449,7.662013270606985e-6
7450,2.528464379300305e-4
7451,1.532402654121397e-6
7452,5.8231300856613086e-5
7453,6.129610616485588e-6
7454,1.3791623887092572e-5
7455,4.597207962364191e-6
7456,1.563050707203825e-4
7457,6.129610616485588e-6
7458,6.129610616485588e-6
7459,3.6777663698913526e-5
7460,1.2259221232971176e-5
7461,1.0726818578849778e-5
7462,1.2259221232971176e-5
7463,1.532402654121397e-6
7464,4.597207962364191e-6
7465,4.597207962364191e-6
7467,3.064805308242794e-6
7468,6.129610616485588e-6
7469,3.064805308242794e-6
7470,4.75044822777633e-5
7471,4.597207962364191e-6
7472,6.129610616485588e-6
7473,4.597207962364191e-6
7474,1.532402654121397e-6
7475,3.524526104479213e-4
7476,6.129610616485588e-6
7477,4.75044822777633e-5
7478,7.662013270606985e-6
7479,3.064805308242794e-6
7480,7.662013270606985e-6
7481,2.6050845120063747e-5
7482,2.1453637157699556e-5
7483,7.662013270606985e-6
7484,1.3791623887092572e-4
7485,4.9036884931884704e-5
7486,9.807376986376941e-5
7487,3.064805308242794e-6
7488,4.443967696952051e-5
7489,1.2259221232971176e-5
7490,3.064805308242794e-6
7491,4.9036884931884704e-5
7492,8.428214597667684e-5
7493,3.064805308242794e-6
7494,9.194415924728382e-6
7495,6.129610616485588e-6
7496,9.194415924728382e-6
7497,3.064805308242794e-6
7498,2.2986039811820954e-5
7499,7.662013270606985e-6
7500,3.064805308242794e-6
7501,4.597207962364191e-6
7502,4.597207962364191e-6
7503,6.895811943546286e-5
7504,1.1186539375086198e-4
7505,5.05692875860061e-5
7506,1.6856429195335365e-5
7507,6.282850881897727e-5
7508,1.6856429195335365e-5
7509,1.0726818578849778e-5
7510,3.064805308242794e-6
7511,3.2027215471137194e-4
7513,4.597207962364191e-6
7514,3.064805308242794e-6
7515,2.4518442465942352e-5
7516,3.080129334784008e-4
7517,6.129610616485588e-6
7518,1.532402654121397e-6
7519,1.6856429195335365e-5
7520,1.532402654121397e-5
7521,7.662013270606985e-6
7522,2.7583247774185145e-5
7523,3.064805308242794e-6
7524,1.1646260171322617e-4
7525,3.064805308242794e-6
7526,1.0726818578849778e-5
7527,3.064805308242794e-6
7528,6.129610616485588e-6
7529,1.7009669460747506e-4
7530,6.129610616485588e-6
7531,6.742571678134146e-5
7532,7.355532739782705e-5
7533,9.194415924728382e-6
7534,4.443967696952051e-5
7535,7.508773005194845e-5
7536,3.371285839067073e-5
7537,3.064805308242794e-6
7538,1.6243468133686807e-4
7539,3.064805308242794e-6
7540,1.3485143356268292e-4
7541,0.0013102042692737944
7542,2.1453637157699556e-5
7543,6.436091147309867e-5
7544,2.3139280077233093e-4
7545,7.662013270606985e-6
7546,1.6856429195335365e-5
7547,6.129610616485588e-6
7548,1.532402654121397e-6
7549,4.597207962364191e-6
7550,1.7929111053220344e-4
7551,6.129610616485588e-6
7552,9.807376986376941e-5
7553,6.129610616485588e-6
7554,9.194415924728382e-6
7555,1.1186539375086198e-4
7556,3.2180455736549336e-5
7557,8.520158756914967e-4
7558,1.992123450357816e-5
7560,1.2105980967559036e-4
7561,5.2101690240127493e-5
7562,3.064805308242794e-6
7563,4.597207962364191e-6
7564,8.581454863079822e-5
7565,6.129610616485588e-6
7567,1.440458494874113e-4
7568,9.194415924728382e-6
7569,1.0726818578849778e-5
7570,2.1453637157699556e-5
7571,2.7583247774185145e-5
7572,6.129610616485588e-6
7573,6.129610616485588e-6
7574,9.194415924728382e-6
7575,1.0726818578849778e-5
7576,4.597207962364191e-6
7577,6.129610616485588e-6
7578,8.428214597667684e-5
7579,9.194415924728382e-6
7580,1.6856429195335365e-5
7581,2.89624101628944e-4
7582,7.508773005194845e-5
7583,3.984246900715632e-5
7584,1.532402654121397e-6
7585,7.662013270606985e-6
7586,5.6698898202491684e-5
7587,7.662013270606985e-6
7588,6.129610616485588e-6
7589,6.129610616485588e-6
7590,7.9684938014312645e-05
7591,1.6856429195335365e-5
7592,1.3791623887092572e-5
7593,3.064805308242794e-6
7594,1.2259221232971176e-5
7595,3.064805308242794e-6
7596,1.3025422560031873e-4
7597,1.8388831849456763e-5
7598,1.2259221232971176e-5
7599,3.064805308242794e-6
7600,3.064805308242794e-6
7601,1.0726818578849778e-5
7602,1.3791623887092572e-5
7603,3.064805308242794e-6
7604,1.0726818578849778e-5
7605,6.282850881897727e-5
7606,9.194415924728382e-6
7607,3.984246900715632e-5
7608,6.129610616485588e-6
7609,3.064805308242794e-6
7610,3.6624423433501385e-4
7611,1.992123450357816e-5
7612,7.662013270606985e-6
7613,4.597207962364191e-6
7614,1.3791623887092572e-5
7616,3.064805308242794e-6
7617,5.516649554837029e-5
7618,1.2105980967559036e-4
7619,1.992123450357816e-5
7620,2.2986039811820954e-5
7621,1.532402654121397e-6
7622,1.8848552645693182e-4
7623,4.597207962364191e-6
7624,6.129610616485588e-6
7625,1.532402654121397e-6
7626,1.2259221232971176e-5
7627,7.662013270606985e-6
7628,4.443967696952051e-5
7629,1.6856429195335365e-5
7630,9.194415924728382e-6
7631,3.371285839067073e-5
7632,3.064805308242794e-6
7633,6.589331412722007e-5
7634,2.1453637157699556e-5
7635,5.2101690240127493e-5
7636,1.532402654121397e-5
7637,7.815253536019124e-5
7638,1.593698760286253e-4
7639,5.976370351073448e-5
7640,1.1339779640498337e-4
7641,1.6856429195335365e-5
7642,1.532402654121397e-5
7643,2.482492299676663e-4
7644,7.9684938014312645e-05
7645,2.2219838484760255e-4
7646,1.0726818578849778e-5
7647,2.1453637157699556e-5
7648,1.0726818578849778e-5
7649,0.002389015737775258
7650,7.662013270606985e-6
7651,4.01489495379806e-4
7652,4.75044822777633e-5
7653,3.04948128170158e-4
7654,1.900179291110532e-4
7655,8.274974332255543e-5
7657,1.011385751720122e-4
7658,4.290727431539911e-5
7659,1.992123450357816e-5
7660,3.2027215471137194e-4
7662,3.064805308242794e-6
7663,1.7775870787808205e-4
7665,2.6050845120063747e-5
7666,4.597207962364191e-6
7667,1.532402654121397e-6
7668,9.6541367209648e-5
7669,9.194415924728382e-6
7670,6.129610616485588e-6
7671,3.064805308242794e-6
7672,7.662013270606985e-6
7673,6.129610616485588e-6
7674,6.129610616485588e-6
7675,4.597207962364191e-6
7676,3.064805308242794e-6
7678,2.2986039811820954e-5
7679,4.597207962364191e-6
7680,4.597207962364191e-6
7681,1.532402654121397e-6
7682,5.3634092894248895e-5
7683,9.194415924728382e-6
7684,2.7583247774185145e-5
7685,4.198783272292628e-4
7687,5.05692875860061e-5
7688,1.3791623887092572e-5
7689,9.194415924728382e-6
7690,9.194415924728382e-6
7691,3.064805308242794e-6
7692,6.129610616485588e-6
7693,8.887935393904103e-5
7694,4.597207962364191e-6
7695,3.064805308242794e-5
7696,6.129610616485588e-6
7697,9.194415924728382e-6
7698,1.2259221232971176e-5
7699,6.129610616485588e-6
7700,2.1453637157699556e-5
7701,4.597207962364191e-6
7702,3.2180455736549336e-5
7703,2.4518442465942352e-5
7704,2.4518442465942352e-5
7705,1.0726818578849778e-5
7706,9.194415924728382e-6
7707,3.064805308242794e-6
7708,1.2259221232971176e-5
7709,1.532402654121397e-6
7710,4.597207962364191e-5
7711,4.597207962364191e-6
7712,1.532402654121397e-6
7713,1.532402654121397e-5
7714,4.597207962364191e-6
7715,1.532402654121397e-6
7716,3.064805308242794e-6
7717,1.8542072114868902e-4
7718,1.532402654121397e-6
7719,5.976370351073448e-5
7720,3.064805308242794e-6
7721,6.129610616485588e-6
7722,4.597207962364191e-6
7723,3.064805308242794e-6
7724,6.129610616485588e-6
7725,1.0726818578849778e-5
7726,3.064805308242794e-6
7727,1.4098104417916853e-4
7728,1.0726818578849778e-5
7729,1.3791623887092572e-5
7730,5.976370351073448e-5
7731,2.4518442465942352e-5
7732,2.2832799546408815e-4
7733,1.7469390256983925e-4
7734,5.6698898202491684e-5
7735,9.194415924728382e-6
7736,1.8388831849456763e-5
7737,4.597207962364191e-6
7738,6.895811943546286e-5
7739,2.4518442465942352e-5
7740,7.9684938014312645e-05
7741,6.129610616485588e-6
7742,1.3791623887092572e-5
7743,2.099391636146314e-4
7744,1.7316149991571786e-4
7745,1.3791623887092572e-5
7746,5.8231300856613086e-5
7747,6.129610616485588e-6
7748,1.532402654121397e-5
7749,3.018833228619152e-4
7750,3.2180455736549336e-5
7751,6.129610616485588e-6
7752,5.2101690240127493e-5
7753,6.129610616485588e-6
7754,3.064805308242794e-6
7755,6.129610616485588e-6
7756,5.6698898202491684e-5
7757,5.6698898202491684e-5
7758,6.129610616485588e-6
7759,4.597207962364191e-6
7760,2.9115650428306543e-5
7761,1.532402654121397e-6
7762,1.532402654121397e-5
7763,6.129610616485588e-6
7764,1.532402654121397e-6
7765,2.1760117688523836e-4
7767,4.597207962364191e-6
7768,6.129610616485588e-6
7769,4.597207962364191e-6
7770,3.064805308242794e-6
7771,3.509202077937999e-4
7772,1.3791623887092572e-5
7773,7.815253536019124e-5
7774,1.6856429195335365e-5
7775,2.3905481404293792e-4
7776,6.589331412722007e-5
7777,4.597207962364191e-6
7778,1.992123450357816e-5
7779,1.532402654121397e-5
7780,1.532402654121397e-6
7781,5.118224864765465e-4
7782,1.532402654121397e-5
7783,1.532402654121397e-6
7784,8.474186677291325e-4
7785,1.026709778261336e-4
7786,6.129610616485588e-6
7787,1.1799500436734756e-4
7788,6.129610616485588e-6
7789,3.524526104479213e-5
7790,6.129610616485588e-6
7791,7.662013270606985e-6
7792,4.75044822777633e-5
7793,4.597207962364191e-6
7794,1.4557825214153272e-4
7795,1.976799423816602e-4
7796,2.7583247774185145e-5
7797,5.6698898202491684e-5
7798,1.3791623887092572e-5
7799,6.129610616485588e-6
7800,6.129610616485588e-6
7801,3.984246900715632e-5
7802,4.597207962364191e-6
7803,1.2259221232971176e-5
7805,4.01489495379806e-4
7806,4.290727431539911e-5
7807,2.6050845120063747e-5
7808,3.2180455736549336e-5
7809,1.3791623887092572e-5
7810,3.064805308242794e-5
7811,4.597207962364191e-6
7812,9.194415924728382e-6
7813,1.0726818578849778e-5
7814,1.946151370734174e-4
7815,9.194415924728382e-6
7816,1.2259221232971176e-5
7817,1.1646260171322617e-4
7818,6.129610616485588e-6
7819,1.0726818578849778e-5
7820,1.532402654121397e-6
7821,6.589331412722007e-5
7822,1.2259221232971176e-5
7823,2.7583247774185145e-5
7824,6.129610616485588e-6
7825,6.282850881897727e-5
7826,1.1646260171322617e-4
7827,3.064805308242794e-6
7828,6.129610616485588e-6
7830,3.831006635303492e-5
7831,6.129610616485588e-6
7832,3.064805308242794e-6
7833,7.662013270606985e-6
7834,2.926889069371868e-4
7836,1.1952740702146896e-4
7837,4.137487166127772e-5
7838,2.2986039811820954e-5
7839,4.597207962364191e-6
7840,2.7583247774185145e-5
7841,9.194415924728382e-6
7842,7.662013270606985e-6
7843,9.6541367209648e-5
7844,4.597207962364191e-6
7845,2.022771503440244e-4
7846,6.129610616485588e-6
7847,1.6856429195335367e-4
7848,7.662013270606985e-6
7849,3.064805308242794e-5
7850,4.597207962364191e-6
7851,4.597207962364191e-6
7852,2.1453637157699556e-5
7853,4.597207962364191e-6
7854,1.992123450357816e-5
7855,3.064805308242794e-6
7856,1.8388831849456763e-5
7857,9.194415924728382e-6
7858,1.3791623887092572e-5
7859,1.6856429195335365e-5
7860,1.532402654121397e-6
7861,5.2101690240127493e-5
7862,1.0726818578849778e-5
7863,2.6050845120063747e-5
7864,1.0726818578849778e-5
7865,1.3791623887092572e-5
7866,3.524526104479213e-5
7867,4.597207962364191e-6
7868,6.129610616485588e-6
7869,1.6856429195335365e-5
7870,4.597207962364191e-6
7871,3.064805308242794e-6
7872,9.194415924728382e-6
7873,6.129610616485588e-6
7874,6.129610616485588e-6
7875,9.194415924728382e-6
7876,4.597207962364191e-6
7877,4.9036884931884704e-5
7878,1.992123450357816e-5
7879,1.2259221232971176e-5
7880,2.4518442465942352e-5
7881,4.597207962364191e-6
7882,6.129610616485588e-6
7884,7.508773005194845e-4
7885,4.75044822777633e-5
7886,6.129610616485588e-6
7887,3.984246900715632e-5
7888,7.662013270606985e-6
7889,1.3791623887092572e-5
7890,1.6856429195335367e-4
7891,3.6777663698913526e-5
7892,9.194415924728382e-6
7894,1.3791623887092572e-5
7895,7.662013270606985e-6
7896,1.2259221232971176e-5
7897,4.597207962364191e-6
7898,1.532402654121397e-6
7899,2.9115650428306543e-5
7900,9.194415924728382e-6
7901,1.992123450357816e-5
7902,1.532402654121397e-6
7903,6.129610616485588e-6
7904,3.064805308242794e-6
7905,4.597207962364191e-6
7906,1.992123450357816e-5
7907,1.0726818578849778e-5
7908,1.532402654121397e-6
7909,4.597207962364191e-6
7910,6.129610616485588e-6
7911,2.1453637157699556e-5
7912,5.3634092894248895e-5
7913,4.597207962364191e-6
7914,4.597207962364191e-6
7915,3.831006635303492e-5
7916,3.064805308242794e-6
7917,2.4518442465942352e-5
7918,6.436091147309867e-5
7919,1.532402654121397e-6
7920,1.6856429195335365e-5
7921,1.532402654121397e-6
7922,1.532402654121397e-6
7923,4.597207962364191e-6
7924,4.597207962364191e-6
7925,4.597207962364191e-6
7926,3.064805308242794e-6
7927,3.064805308242794e-5
7928,3.6624423433501385e-4
7929,1.1186539375086198e-4
7930,3.064805308242794e-6
7931,1.7622630522396064e-4
7932,6.129610616485588e-6
7933,1.6856429195335365e-5
7934,6.129610616485588e-6
7935,4.597207962364191e-6
7936,6.129610616485588e-6
7937,4.597207962364191e-6
7938,7.662013270606985e-6
7940,2.9115650428306543e-5
7941,1.2259221232971176e-5
7942,4.597207962364191e-6
7943,1.8388831849456763e-5
7944,1.532402654121397e-5
7945,2.1453637157699556e-5
7946,6.129610616485588e-6
7947,2.3752241138881653e-4
7948,7.662013270606985e-6
7949,9.194415924728382e-6
7950,4.597207962364191e-6
7951,3.524526104479213e-5
7952,9.194415924728382e-6
7953,9.194415924728382e-6
7955,7.662013270606985e-6
7956,1.0726818578849778e-5
7957,3.064805308242794e-6
7958,3.064805308242794e-6
7959,2.6050845120063747e-5
7960,1.532402654121397e-6
7961,3.064805308242794e-6
7962,3.524526104479213e-5
7963,4.597207962364191e-5
7964,6.129610616485588e-5
7965,1.2259221232971176e-5
7966,1.3791623887092572e-5
7967,6.129610616485588e-6
7968,2.4518442465942352e-5
7969,7.049052208958426e-5
7970,6.129610616485588e-6
7971,1.8388831849456763e-5
7972,4.597207962364191e-6
7973,6.129610616485588e-6
7974,1.532402654121397e-5
7975,3.064805308242794e-6
7976,1.0726818578849778e-5
7977,3.064805308242794e-6
7978,1.6856429195335365e-5
7979,4.597207962364191e-6
7980,3.064805308242794e-6
7981,5.2101690240127493e-5
7982,1.532402654121397e-5
7983,0.00015783747337450388
7984,4.597207962364191e-6
7985,9.194415924728382e-6
7986,9.194415924728382e-6
7987,2.1606877423111697e-4
7988,4.597207962364191e-6
7990,4.597207962364191e-6
7991,1.532402654121397e-5
7992,4.597207962364191e-6
7993,1.532402654121397e-5
7994,1.532402654121397e-5
7995,1.3791623887092572e-5
7996,9.194415924728382e-6
7997,1.2259221232971176e-5
7998,1.0726818578849778e-5
7999,1.3791623887092572e-5
8000,1.6090227868274668e-4
8001,1.2259221232971176e-4
8002,1.3791623887092572e-5
8003,3.064805308242794e-5
8004,6.129610616485588e-6
8005,4.597207962364191e-6
8006,1.2259221232971176e-5
8007,3.064805308242794e-6
8008,7.662013270606985e-6
8009,1.0726818578849778e-5
8010,4.597207962364191e-6
8011,3.064805308242794e-6
8012,1.532402654121397e-6
8013,9.194415924728382e-6
8014,9.194415924728382e-6
8015,6.129610616485588e-6
8016,5.2101690240127493e-5
8017,6.129610616485588e-6
8018,3.693090396432567e-4
8019,2.6970286712536584e-4
8020,4.597207962364191e-6
8021,4.597207962364191e-6
8022,7.662013270606985e-6
8023,1.8388831849456763e-5
8024,3.064805308242794e-6
8025,6.129610616485588e-6
8026,0.0015875691496697673
8027,1.2259221232971176e-5
8028,1.532402654121397e-6
8029,1.3791623887092572e-5
8030,3.2180455736549336e-5
8031,1.0726818578849778e-5
8032,1.1493019905910477e-4
8033,1.8388831849456763e-5
8034,1.3791623887092572e-5
8035,3.064805308242794e-6
8036,1.3791623887092572e-5
8037,1.3791623887092572e-5
8038,1.2565701763795454e-4
8039,7.049052208958426e-5
8040,2.6510565916300165e-4
8041,1.532402654121397e-6
8042,7.662013270606985e-6
8043,7.662013270606985e-6
8044,3.064805308242794e-6
8045,5.8231300856613086e-5
8046,3.064805308242794e-5
8047,6.129610616485588e-6
8048,7.662013270606985e-6
8049,7.662013270606984e-5
8050,6.129610616485588e-6
8051,7.662013270606985e-6
8052,5.6698898202491684e-5
8053,7.662013270606985e-6
8054,6.129610616485588e-6
8055,4.597207962364191e-6
8056,1.1493019905910477e-4
8057,1.3485143356268292e-4
8058,1.532402654121397e-6
8059,1.992123450357816e-5
8060,3.064805308242794e-6
8061,2.7583247774185145e-5
8062,1.6856429195335365e-5
8063,6.129610616485588e-6
8064,3.371285839067073e-5
8065,3.064805308242794e-6
8066,4.597207962364191e-6
8067,9.194415924728382e-6
8068,1.532402654121397e-6
8069,4.597207962364191e-6
8070,7.355532739782705e-5
8071,3.6777663698913526e-5
8072,1.992123450357816e-5
8073,9.194415924728382e-6
8074,6.129610616485588e-6
8075,3.064805308242794e-6
8076,2.1453637157699556e-5
8077,1.532402654121397e-6
8078,3.064805308242794e-6
8079,8.734695128491963e-5
8080,1.532402654121397e-5
8081,9.194415924728382e-5
8082,3.064805308242794e-6
8083,1.517078627580183e-4
8084,1.532402654121397e-5
8085,2.7583247774185145e-5
8086,1.532402654121397e-6
8088,9.50089645555266e-5
8089,4.443967696952051e-5
8090,2.7583247774185145e-5
8091,1.0726818578849778e-5
8092,9.194415924728382e-6
8093,4.597207962364191e-4
8094,7.049052208958426e-5
8095,1.532402654121397e-6
8096,1.532402654121397e-5
8097,7.662013270606985e-6
8098,2.1913357953935977e-4
8099,4.597207962364191e-6
8100,7.662013270606985e-6
8101,1.992123450357816e-5
8102,1.532402654121397e-5
8103,1.992123450357816e-5
8104,1.1646260171322617e-4
8105,9.96061725178908e-5
8106,1.532402654121397e-5
8107,3.064805308242794e-5
8108,3.064805308242794e-6
8109,4.597207962364191e-6
8110,1.532402654121397e-6
8111,9.194415924728382e-6
8112,3.064805308242794e-6
8113,7.662013270606985e-6
8114,7.815253536019124e-5
8115,1.8388831849456763e-5
8116,3.064805308242794e-6
8117,3.064805308242794e-6
8118,3.064805308242794e-5
8119,2.9115650428306543e-5
8120,2.2986039811820954e-5
8121,4.597207962364191e-6
8122,4.9036884931884704e-5
8123,3.2180455736549336e-5
8124,3.892302741468348e-4
8125,9.194415924728382e-6
8127,1.0726818578849778e-5
8128,2.7583247774185145e-5
8129,4.597207962364191e-6
8130,1.6856429195335365e-5
8131,3.064805308242794e-6
8133,9.194415924728382e-6
8134,6.129610616485588e-6
8135,0.0015707127204744318
8136,3.6777663698913526e-5
8137,1.0726818578849778e-5
8138,6.129610616485588e-6
8139,7.662013270606985e-6
8140,1.532402654121397e-6
8141,1.532402654121397e-6
8142,9.194415924728382e-6
8143,4.597207962364191e-6
8144,3.064805308242794e-6
8145,2.7583247774185145e-5
8146,3.2180455736549336e-5
8147,1.2259221232971176e-5
8148,3.064805308242794e-6
8149,3.064805308242794e-6
8150,1.3791623887092572e-5
8151,1.3791623887092572e-5
8152,4.597207962364191e-6
8153,1.2259221232971176e-5
8154,6.129610616485588e-6
8155,4.597207962364191e-6
8156,1.532402654121397e-5
8157,6.129610616485588e-6
8158,7.662013270606985e-6
8160,1.532402654121397e-6
8161,5.3634092894248895e-5
8162,1.532402654121397e-6
8163,1.8388831849456763e-5
8164,6.129610616485588e-6
8165,3.064805308242794e-6
8166,7.662013270606984e-5
8167,1.3791623887092572e-5
8169,6.129610616485588e-6
8170,1.0726818578849778e-5
8171,4.597207962364191e-6
8172,1.3791623887092572e-5
8173,6.129610616485588e-6
8174,4.597207962364191e-6
8175,4.597207962364191e-6
8176,3.524526104479213e-5
8177,9.6541367209648e-5
8178,7.662013270606985e-6
8179,1.2259221232971176e-5
8180,6.129610616485588e-6
8181,6.129610616485588e-6
8182,4.137487166127772e-5
8183,6.129610616485588e-6
8184,1.0726818578849778e-5
8185,2.4518442465942352e-5
8186,1.6856429195335365e-5
8187,9.194415924728382e-6
8188,3.984246900715632e-5
8189,6.129610616485588e-6
8190,4.597207962364191e-6
8191,3.064805308242794e-6
8192,0.0022756179413702744
8193,1.532402654121397e-6
8194,6.129610616485588e-6
8196,4.75044822777633e-5
8197,1.532402654121397e-6
8198,7.662013270606985e-6
8199,1.0726818578849778e-5
8200,7.662013270606985e-6
8201,3.064805308242794e-6
8202,7.662013270606985e-6
8203,2.4518442465942352e-5
8204,2.1453637157699556e-5
8205,7.662013270606985e-6
8206,7.662013270606985e-6
8207,1.532402654121397e-5
8208,3.064805308242794e-6
8209,9.194415924728382e-6
8210,6.129610616485588e-5
8211,4.597207962364191e-6
8212,1.8388831849456763e-5
8213,1.532402654121397e-5
8214,4.597207962364191e-6
8215,1.532402654121397e-5
8216,2.4518442465942352e-5
8217,8.581454863079822e-5
8218,6.129610616485588e-6
8219,4.597207962364191e-6
8220,9.194415924728382e-6
8221,9.194415924728382e-6
8222,3.371285839067073e-5
8223,6.282850881897727e-5
8224,7.662013270606985e-6
8225,1.471106547956541e-4
8226,2.00744747689903e-4
8227,4.597207962364191e-6
8228,1.532402654121397e-5
8229,4.597207962364191e-6
8230,5.3634092894248895e-5
8231,4.857716413564828e-4
8232,7.662013270606985e-6
8233,1.3791623887092572e-5
8234,8.734695128491963e-5
8235,6.129610616485588e-6
8236,5.2101690240127493e-5
8237,0.0010972003003509201
8238,5.516649554837029e-5
8239,4.597207962364191e-6
8240,7.662013270606985e-6
8241,1.532402654121397e-5
8242,4.01489495379806e-4
8243,0.001783716689397306
8244,2.1453637157699556e-5
8245,1.992123450357816e-5
8246,1.992123450357816e-5
8247,3.064805308242794e-6
8248,4.597207962364191e-6
8249,1.532402654121397e-6
8250,3.064805308242794e-6
8251,4.9036884931884704e-5
8252,7.662013270606985e-6
8253,6.129610616485588e-6
8254,3.064805308242794e-6
8255,1.2259221232971176e-5
8256,6.129610616485588e-6
8257,7.309560660159063e-4
8258,1.0726818578849778e-5
8259,7.662013270606985e-6
8260,1.3791623887092572e-5
8261,7.662013270606985e-6
8262,4.597207962364191e-6
8263,5.8231300856613086e-5
8264,1.2259221232971176e-5
8265,4.597207962364191e-6
8266,9.347656190140522e-5
8267,6.129610616485588e-6
8268,6.129610616485588e-6
8269,3.2180455736549336e-5
8270,1.532402654121397e-6
8271,5.8231300856613086e-5
8273,7.662013270606984e-5
8274,4.597207962364191e-6
8275,1.532402654121397e-5
8276,7.662013270606985e-6
8277,1.0726818578849778e-5
8278,7.662013270606985e-6
8280,9.194415924728382e-6
8281,8.581454863079822e-5
8282,7.662013270606985e-6
8284,2.9115650428306543e-5
8285,6.129610616485588e-6
8286,7.662013270606985e-6
8287,1.532402654121397e-6
8288,7.662013270606985e-6
8289,1.0726818578849778e-5
8290,4.2447553519162697e-4
8291,1.0726818578849779e-4
8292,6.129610616485588e-6
8293,1.0726818578849778e-5
8294,4.597207962364191e-6
8295,3.064805308242794e-6
8296,7.662013270606985e-6
8297,1.992123450357816e-5
8298,5.256141103636391e-4
8299,2.2986039811820954e-5
8300,4.597207962364191e-6
8301,3.064805308242794e-6
8302,1.0726818578849779e-4
8303,6.129610616485588e-6
8304,6.129610616485588e-6
8305,6.129610616485588e-6
8306,9.194415924728382e-6
8307,7.662013270606985e-6
8308,4.597207962364191e-6
8309,6.895811943546286e-5
8310,3.064805308242794e-6
8311,6.129610616485588e-6
8312,3.064805308242794e-6
8313,7.662013270606985e-6
8314,1.3791623887092572e-5
8315,1.2259221232971176e-5
8316,3.064805308242794e-6
8317,6.007018404155876e-4
8318,5.3634092894248895e-5
8319,2.7583247774185145e-5
8320,3.064805308242794e-6
8321,1.6856429195335365e-5
8322,1.2259221232971176e-5
8323,4.290727431539911e-5
8324,6.129610616485588e-6
8325,3.064805308242794e-6
8326,9.194415924728382e-6
8327,6.129610616485588e-6
8328,1.2259221232971176e-5
8329,4.597207962364191e-5
8330,4.597207962364191e-6
8331,4.290727431539911e-5
8332,4.597207962364191e-6
8333,2.7583247774185145e-5
8334,7.355532739782705e-5
8335,3.2180455736549336e-5
8336,1.6856429195335365e-5
8337,1.0726818578849778e-5
8338,1.2259221232971176e-5
8339,7.662013270606985e-6
8340,4.597207962364191e-6
8341,3.064805308242794e-6
8342,8.121734066843403e-5
8343,7.662013270606985e-6
8344,1.2259221232971176e-5
8345,1.992123450357816e-5
8346,6.129610616485588e-6
8347,4.597207962364191e-6
8348,3.371285839067073e-5
8349,1.0726818578849778e-5
8350,3.064805308242794e-6
8351,1.3638383621680434e-4
8352,5.516649554837029e-5
8353,7.662013270606985e-6
8354,7.662013270606985e-6
8355,7.662013270606985e-6
8356,1.532402654121397e-6
8357,7.662013270606985e-6
8358,1.3791623887092572e-5
8359,4.597207962364191e-5
8360,2.4518442465942352e-5
8361,3.064805308242794e-6
8362,1.0726818578849778e-5
8363,1.532402654121397e-6
8364,4.7351242012351165e-4
8366,6.129610616485588e-6
8367,6.129610616485588e-6
8368,6.129610616485588e-6
8369,1.0726818578849778e-5
8370,6.129610616485588e-6
8371,4.290727431539911e-5
8372,4.290727431539911e-5
8373,6.129610616485588e-6
8374,2.6050845120063747e-5
8375,3.064805308242794e-6
8376,1.992123450357816e-5
8377,4.597207962364191e-6
8378,6.129610616485588e-6
8379,6.129610616485588e-6
8380,9.041175659316241e-5
8381,1.6856429195335365e-5
8382,1.6856429195335365e-5
8383,6.129610616485588e-6
8384,1.3791623887092572e-5
8385,9.194415924728382e-6
8386,2.1453637157699556e-5
8387,4.290727431539911e-5
8388,1.8235591584044624e-4
8389,4.597207962364191e-6
8390,2.9115650428306543e-5
8392,9.194415924728382e-6
8394,6.129610616485588e-6
8396,4.137487166127772e-5
8397,4.045543006880488e-4
8398,1.992123450357816e-5
8399,2.4518442465942352e-5
8400,3.478554024855571e-4
8401,6.129610616485588e-6
8402,9.041175659316241e-5
8403,8.887935393904103e-5
8404,4.597207962364191e-6
8405,3.831006635303492e-5
8406,6.129610616485588e-6
8407,7.662013270606985e-6
8409,9.194415924728382e-6
8410,1.1646260171322617e-4
8411,3.524526104479213e-5
8412,9.96061725178908e-5
8413,1.8388831849456763e-5
8414,3.371285839067073e-5
8415,2.7583247774185145e-4
8416,6.129610616485588e-6
8417,7.662013270606985e-6
8418,1.532402654121397e-5
8419,1.7316149991571786e-4
8420,1.532402654121397e-6
8421,3.064805308242794e-6
8422,3.371285839067073e-5
8423,6.129610616485588e-6
8424,1.532402654121397e-6
8425,3.064805308242794e-6
8426,4.597207962364191e-6
8427,1.992123450357816e-5
8428,1.532402654121397e-6
8429,1.2259221232971176e-5
8430,3.064805308242794e-6
8431,1.4098104417916853e-4
8432,9.194415924728382e-6
8433,4.597207962364191e-6
8434,1.0726818578849778e-5
8435,1.532402654121397e-6
8436,6.129610616485588e-6
8437,1.2105980967559036e-4
8438,3.064805308242794e-6
8439,5.516649554837029e-5
8440,1.532402654121397e-5
8441,6.589331412722007e-5
8442,1.2259221232971176e-5
8443,7.508773005194845e-5
8444,5.516649554837029e-5
8445,7.662013270606985e-6
8446,7.9684938014312645e-05
8447,1.0726818578849778e-5
8448,4.597207962364191e-6
8449,3.064805308242794e-6
8450,1.2259221232971176e-5
8451,8.581454863079822e-5
8452,3.064805308242794e-6
8453,1.532402654121397e-6
8454,7.662013270606985e-6
8455,2.6050845120063747e-5
8456,3.6777663698913526e-5
8457,6.129610616485588e-6
8458,7.662013270606985e-6
8459,9.194415924728382e-6
8460,1.8388831849456763e-5
8461,7.355532739782705e-5
8462,7.662013270606985e-6
8463,3.064805308242794e-6
8464,7.662013270606985e-6
8465,3.064805308242794e-6
8466,7.662013270606985e-6
8467,4.597207962364191e-6
8468,7.202292474370565e-5
8469,4.9036884931884704e-5
8470,3.064805308242794e-6
8471,1.8388831849456763e-5
8472,9.194415924728382e-6
8473,1.1493019905910477e-4
8474,1.2259221232971176e-5
8475,3.6777663698913526e-5
8476,7.662013270606985e-6
8477,4.597207962364191e-6
8478,6.129610616485588e-6
8479,7.662013270606985e-6
8480,2.9115650428306543e-5
8481,2.4518442465942352e-5
8483,7.662013270606985e-6
8484,3.064805308242794e-6
8485,1.026709778261336e-4
8486,9.194415924728382e-6
8487,2.7583247774185145e-5
8488,3.064805308242794e-6
8489,1.532402654121397e-6
8490,1.2259221232971176e-5
8491,4.597207962364191e-6
8492,3.064805308242794e-6
8493,1.532402654121397e-6
8494,1.2259221232971176e-5
8495,7.662013270606985e-6
8496,2.2986039811820954e-5
8497,1.3791623887092572e-5
8499,6.129610616485588e-6
8500,1.532402654121397e-5
8501,2.7583247774185145e-5
8502,7.662013270606985e-6
8503,7.662013270606985e-6
8504,1.6856429195335365e-5
8505,6.129610616485588e-6
8506,1.532402654121397e-5
8507,7.9684938014312645e-05
8508,0.00015783747337450388
8509,4.597207962364191e-6
8511,5.05692875860061e-5
8512,3.064805308242794e-6
8513,7.662013270606985e-6
8514,1.532402654121397e-5
8515,6.129610616485588e-6
8516,6.129610616485588e-6
8517,9.194415924728382e-6
8518,1.0726818578849779e-4
8519,7.662013270606985e-6
8520,1.2259221232971176e-5
8521,3.064805308242794e-6
8522,4.597207962364191e-6
8523,6.129610616485588e-6
8524,6.129610616485588e-6
8525,7.508773005194845e-5
8526,1.2259221232971176e-5
8527,6.589331412722007e-5
8528,9.194415924728382e-6
8529,2.6050845120063747e-5
8530,3.064805308242794e-6
8531,6.436091147309867e-5
8532,2.1453637157699556e-5
8533,6.436091147309867e-5
8534,1.1339779640498337e-4
8535,1.532402654121397e-6
8536,1.0726818578849778e-5
8537,3.064805308242794e-6
8538,6.129610616485588e-6
8539,7.662013270606985e-6
8540,3.524526104479213e-5
8541,9.194415924728382e-6
8542,3.064805308242794e-6
8543,6.129610616485588e-6
8544,1.532402654121397e-6
8545,6.589331412722007e-5
8546,9.194415924728382e-6
8547,7.662013270606985e-6
8548,4.597207962364191e-6
8549,4.597207962364191e-6
8550,1.532402654121397e-6
8551,6.129610616485588e-6
8552,3.064805308242794e-6
8553,2.2986039811820954e-4
8554,6.129610616485588e-6
8555,6.129610616485588e-6
8556,3.831006635303492e-5
8557,1.2718942029207595e-4
8558,1.0726818578849778e-5
8559,8.734695128491963e-5
8560,6.129610616485588e-6
8561,6.129610616485588e-6
8562,7.662013270606985e-6
8563,4.137487166127772e-5
8564,1.532402654121397e-5
8565,3.064805308242794e-6
8566,2.1453637157699556e-5
8567,3.2027215471137194e-4
8568,6.129610616485588e-6
8569,3.12610141440765e-4
8570,1.2259221232971176e-5
8571,2.6050845120063747e-5
8572,2.3292520342645234e-4
8573,3.064805308242794e-6
8574,3.064805308242794e-6
8575,1.0726818578849778e-5
8576,3.064805308242794e-6
8577,6.129610616485588e-6
8578,1.3791623887092572e-5
8579,4.597207962364191e-6
8580,1.532402654121397e-6
8581,3.2793416798197896e-4
8582,3.064805308242794e-6
8583,3.064805308242794e-6
8584,3.6777663698913526e-5
8585,4.597207962364191e-6
8586,4.597207962364191e-6
8587,1.8388831849456763e-5
8588,1.2259221232971176e-5
8589,1.8388831849456763e-5
8590,6.129610616485588e-6
8591,1.6856429195335365e-5
8592,3.064805308242794e-6
8593,4.597207962364191e-6
8594,3.064805308242794e-6
8595,3.064805308242794e-6
8596,4.597207962364191e-6
8597,1.992123450357816e-5
8598,1.1952740702146896e-4
8599,4.597207962364191e-6
8600,7.662013270606984e-5
8601,7.662013270606985e-6
8602,1.532402654121397e-6
8603,6.129610616485588e-6
8604,4.9036884931884704e-5
8605,7.355532739782705e-5
8606,3.6777663698913526e-5
8607,3.064805308242794e-6
8608,9.194415924728382e-6
8609,4.597207962364191e-6
8610,6.129610616485588e-6
8611,9.194415924728382e-6
8612,3.064805308242794e-6
8613,4.597207962364191e-6
8614,6.129610616485588e-6
8615,4.597207962364191e-6
8616,1.532402654121397e-6
8617,1.2259221232971176e-4
8618,9.194415924728382e-6
8619,3.064805308242794e-6
8620,3.831006635303492e-5
8621,3.064805308242794e-6
8622,4.597207962364191e-6
8623,6.129610616485588e-6
8624,3.064805308242794e-6
8625,1.8388831849456763e-5
8626,1.2259221232971176e-5
8627,4.597207962364191e-6
8628,6.129610616485588e-6
8629,6.129610616485588e-6
8630,3.524526104479213e-5
8631,4.597207962364191e-6
8632,4.597207962364191e-6
8633,4.597207962364191e-6
8634,6.129610616485588e-6
8635,1.0726818578849778e-5
8636,3.064805308242794e-6
8637,3.064805308242794e-6
8638,4.9036884931884704e-5
8639,7.662013270606985e-6
8640,8.274974332255543e-5
8641,4.290727431539911e-5
8642,7.662013270606985e-6
8643,4.597207962364191e-6
8644,4.597207962364191e-6
8648,3.064805308242794e-6
8649,3.064805308242794e-6
8650,1.471106547956541e-4
8651,7.662013270606985e-6
8652,1.8388831849456763e-5
8653,1.3791623887092572e-5
8654,6.129610616485588e-6
8655,1.532402654121397e-6
8656,6.129610616485588e-6
8657,4.597207962364191e-6
8658,3.064805308242794e-6
8659,4.597207962364191e-6
8660,1.3485143356268292e-4
8661,5.6698898202491684e-5
8662,7.662013270606985e-6
8663,6.436091147309867e-5
8664,1.0726818578849778e-5
8665,8.121734066843403e-5
8666,4.597207962364191e-6
8667,3.478554024855571e-4
8668,2.9115650428306543e-5
8669,2.7583247774185145e-5
8670,6.129610616485588e-6
8671,3.064805308242794e-6
8672,1.3791623887092572e-5
8673,7.662013270606985e-6
8674,9.194415924728382e-6
8675,6.957108049711142e-4
8677,5.516649554837029e-5
8678,3.064805308242794e-6
8679,1.6856429195335365e-5
8680,1.1952740702146896e-4
8681,3.064805308242794e-6
8682,3.064805308242794e-6
8683,1.532402654121397e-6
8684,4.597207962364191e-6
8686,1.532402654121397e-6
8687,3.984246900715632e-5
8688,9.194415924728382e-6
8689,3.064805308242794e-5
8690,7.662013270606985e-6
8691,9.194415924728382e-6
8692,7.662013270606985e-6
8693,6.129610616485588e-6
8694,7.662013270606985e-6
8695,2.1453637157699556e-5
8696,4.443967696952051e-5
8697,3.064805308242794e-6
8698,9.194415924728382e-6
8699,3.064805308242794e-6
8700,1.0726818578849778e-5
8701,7.049052208958426e-5
8702,9.194415924728382e-6
8703,1.8388831849456763e-5
8704,1.532402654121397e-6
8705,3.064805308242794e-6
8706,1.0726818578849778e-5
8707,6.129610616485588e-6
8708,7.662013270606985e-6
8709,7.462800925571203e-4
8710,1.8388831849456763e-5
8711,3.2180455736549336e-5
8712,7.662013270606985e-6
8713,3.6777663698913526e-5
8714,1.532402654121397e-6
8715,4.443967696952051e-5
8716,2.053419556522672e-4
8717,1.2259221232971176e-5
8718,2.9115650428306543e-5
8719,1.532402654121397e-6
8720,4.597207962364191e-6
8721,5.2101690240127493e-5
8722,3.064805308242794e-6
8723,1.4098104417916853e-4
8724,3.524526104479213e-5
8725,2.2986039811820954e-5
8726,1.992123450357816e-5
8727,1.2259221232971176e-5
8728,5.516649554837029e-5
8729,6.436091147309867e-5
8730,3.064805308242794e-5
8731,3.064805308242794e-6
8732,3.064805308242794e-6
8733,2.2986039811820954e-5
8734,1.7162909726159645e-4
8735,7.9684938014312645e-05
8736,3.6777663698913526e-5
8737,4.137487166127772e-5
8738,3.064805308242794e-5
8739,2.9115650428306543e-5
8740,3.371285839067073e-5
8741,3.064805308242794e-6
8742,1.532402654121397e-5
8743,9.194415924728382e-6
8744,1.3791623887092572e-5
8745,1.532402654121397e-5
8746,1.532402654121397e-6
8747,6.129610616485588e-6
8748,1.2105980967559036e-4
8749,9.194415924728382e-6
8750,3.064805308242794e-6
8751,2.4518442465942352e-5
8752,2.2986039811820954e-5
8753,1.0726818578849778e-5
8754,2.4518442465942352e-5
8755,3.064805308242794e-6
8756,1.532402654121397e-6
8757,4.137487166127772e-5
8758,1.532402654121397e-6
8759,1.532402654121397e-5
8760,3.064805308242794e-6
8761,4.75044822777633e-5
8762,4.9036884931884704e-5
8763,1.6856429195335365e-5
8765,3.064805308242794e-6
8766,4.597207962364191e-6
8767,4.597207962364191e-6
8768,4.597207962364191e-5
8769,1.992123450357816e-5
8770,3.064805308242794e-6
8771,1.8388831849456763e-5
8772,1.2259221232971176e-5
8773,7.662013270606984e-5
8774,3.064805308242794e-6
8775,9.194415924728382e-6
8776,1.2259221232971176e-5
8777,1.8695312380281043e-4
8778,1.992123450357816e-5
8779,2.6050845120063747e-5
8780,7.662013270606985e-6
8781,9.194415924728382e-6
8782,3.064805308242794e-6
8783,1.3791623887092572e-5
8784,4.597207962364191e-6
8785,4.597207962364191e-6
8786,3.064805308242794e-6
8787,1.0726818578849778e-5
8788,6.129610616485588e-6
8789,3.968922874174418e-4
8790,1.2259221232971176e-5
8791,1.0726818578849778e-5
8792,1.2259221232971176e-5
8793,4.443967696952051e-5
8794,7.662013270606985e-6
8795,3.953598847633204e-4
8796,1.0726818578849778e-5
8797,1.0726818578849778e-5
8798,6.129610616485588e-6
8799,3.064805308242794e-6
8800,2.4518442465942352e-5
8801,5.3634092894248895e-5
8802,1.8388831849456763e-5
8803,3.064805308242794e-6
8804,4.597207962364191e-6
8805,8.428214597667684e-5
8806,4.597207962364191e-6
8807,9.194415924728382e-6
8808,1.2259221232971176e-5
8809,3.064805308242794e-6
8810,1.532402654121397e-5
8811,3.064805308242794e-6
8812,6.129610616485588e-6
8813,9.194415924728382e-6
8814,1.1952740702146896e-4
8815,7.049052208958426e-5
8816,1.2259221232971176e-5
8817,3.064805308242794e-6
8818,1.992123450357816e-5
8819,3.371285839067073e-5
8820,6.129610616485588e-6
8821,1.532402654121397e-6
8822,2.2986039811820954e-5
8823,1.532402654121397e-6
8824,4.597207962364191e-6
8825,3.064805308242794e-6
8826,9.194415924728382e-6
8827,2.9115650428306543e-5
8828,1.532402654121397e-6
8829,7.662013270606985e-6
8830,1.532402654121397e-6
8831,1.3791623887092572e-5
8832,1.2259221232971176e-5
8833,7.662013270606985e-6
8834,1.532402654121397e-6
8835,1.3791623887092572e-5
8836,7.662013270606985e-6
8837,6.129610616485588e-6
8838,4.597207962364191e-6
8839,9.194415924728382e-6
8840,6.129610616485588e-6
8841,4.597207962364191e-6
8842,6.129610616485588e-6
8843,1.2259221232971176e-5
8844,1.532402654121397e-6
8845,3.064805308242794e-6
8846,1.2105980967559036e-4
8847,1.0726818578849778e-5
8848,9.041175659316241e-5
8849,3.064805308242794e-6
8850,4.597207962364191e-6
8851,6.129610616485588e-6
8852,9.194415924728382e-6
8853,3.064805308242794e-6
8854,3.831006635303492e-5
8855,4.597207962364191e-6
8856,4.597207962364191e-6
8857,1.532402654121397e-6
8858,2.022771503440244e-4
8859,9.194415924728382e-6
8860,7.662013270606984e-5
8861,9.194415924728382e-6
8862,4.597207962364191e-6
8863,2.4518442465942352e-5
8864,9.041175659316241e-5
8865,2.2986039811820954e-5
8866,8.581454863079822e-5
8867,3.064805308242794e-6
8868,6.742571678134146e-5
8869,6.129610616485588e-6
8870,4.75044822777633e-5
8871,4.597207962364191e-6
8872,4.597207962364191e-6
8873,1.532402654121397e-6
8874,1.0726818578849778e-5
8875,9.194415924728382e-6
8876,7.662013270606985e-6
8877,4.597207962364191e-6
8878,1.532402654121397e-5
8879,4.597207962364191e-6
8880,8.84196331428046e-4
8881,1.532402654121397e-6
8882,7.662013270606985e-6
8883,3.064805308242794e-6
8884,3.984246900715632e-5
8885,4.137487166127772e-5
8886,6.129610616485588e-6
8887,3.064805308242794e-6
8888,5.3634092894248895e-5
8889,3.064805308242794e-6
8890,2.7583247774185145e-5
8892,3.831006635303492e-5
8893,4.597207962364191e-6
8894,3.93827482109199e-4
8895,6.129610616485588e-6
8896,1.0726818578849778e-5
8897,8.274974332255543e-5
8898,3.064805308242794e-5
8899,5.976370351073448e-5
8900,1.1339779640498337e-4
8901,1.93082734419296e-4
8902,6.436091147309867e-5
8903,4.597207962364191e-5
8904,6.895811943546286e-5
8905,2.7583247774185145e-5
8906,3.064805308242794e-6
8907,1.0726818578849778e-5
8908,1.992123450357816e-5
8909,5.2101690240127493e-5
8910,6.129610616485588e-6
8911,7.662013270606985e-6
8912,7.662013270606985e-6
8913,8.428214597667684e-5
8914,4.597207962364191e-6
8915,1.0726818578849778e-5
8916,1.532402654121397e-6
8917,1.532402654121397e-6
8918,1.532402654121397e-6
8919,3.064805308242794e-5
8920,1.992123450357816e-5
8921,1.7775870787808205e-4
8922,4.137487166127772e-5
8923,1.532402654121397e-6
8924,4.597207962364191e-6
8925,6.129610616485588e-6
8926,3.064805308242794e-5
8927,1.532402654121397e-6
8928,1.2259221232971176e-5
8929,3.064805308242794e-6
8930,1.532402654121397e-6
8931,4.597207962364191e-6
8932,1.6856429195335365e-5
8933,7.662013270606985e-6
8934,1.532402654121397e-5
8935,7.662013270606985e-6
8936,3.064805308242794e-6
8937,9.991265304871509e-4
8938,1.2259221232971176e-5
8939,0.002652588994284138
8940,1.532402654121397e-6
8941,1.532402654121397e-6
8942,3.7390624760562087e-4
8943,6.129610616485588e-6
8944,3.064805308242794e-6
8945,9.194415924728382e-6
8946,1.6243468133686807e-4
8947,1.532402654121397e-6
8948,7.662013270606985e-6
8950,1.2259221232971176e-5
8951,2.9115650428306543e-5
8952,1.532402654121397e-6
8953,2.6050845120063747e-5
8954,1.3791623887092572e-5
8955,1.532402654121397e-5
8956,4.597207962364191e-6
8957,3.064805308242794e-6
8958,6.129610616485588e-6
8959,9.807376986376941e-5
8960,7.662013270606985e-6
8961,4.597207962364191e-6
8963,4.597207962364191e-6
8964,1.471106547956541e-4
8965,4.597207962364191e-6
8966,7.662013270606985e-6
8967,9.194415924728382e-6
8968,6.129610616485588e-6
8969,6.129610616485588e-6
8970,2.6050845120063747e-5
8971,9.194415924728382e-6
8972,2.7430007508773003e-4
8973,4.75044822777633e-5
8974,1.6856429195335365e-5
8975,2.2986039811820954e-5
8976,1.0726818578849778e-5
8977,4.597207962364191e-6
8978,6.129610616485588e-6
8979,4.597207962364191e-6
8980,4.597207962364191e-6
8981,1.532402654121397e-5
8983,1.8388831849456763e-5
8984,1.532402654121397e-5
8985,3.064805308242794e-6
8986,5.562621634460671e-4
8987,3.984246900715632e-5
8988,1.3638383621680434e-4
8989,4.597207962364191e-6
8990,3.064805308242794e-6
8991,4.137487166127772e-5
8992,2.4518442465942352e-5
8993,1.3791623887092572e-5
8994,4.597207962364191e-6
8995,1.532402654121397e-6
8996,4.597207962364191e-6
8997,1.3791623887092572e-5
8998,7.662013270606985e-6
8999,1.532402654121397e-6
9000,6.129610616485588e-6
9001,7.662013270606985e-6
9002,2.6050845120063747e-5
9003,7.662013270606985e-6
9004,1.0726818578849778e-5
9005,9.194415924728382e-6
9006,2.4518442465942352e-5
9007,7.662013270606985e-6
9008,4.597207962364191e-6
9009,6.129610616485588e-6
9010,6.742571678134146e-5
9011,4.597207962364191e-6
9012,1.532402654121397e-6
9013,4.9036884931884704e-5
9014,9.194415924728382e-6
9015,5.915074244908593e-4
9016,9.194415924728382e-6
9017,3.064805308242794e-6
9019,6.129610616485588e-6
9020,9.347656190140522e-5
9021,4.597207962364191e-6
9022,6.436091147309867e-5
9023,3.2180455736549336e-5
9024,1.532402654121397e-6
9026,3.6777663698913526e-5
9027,6.129610616485588e-6
9028,1.1186539375086198e-4
9029,9.194415924728382e-6
9030,3.064805308242794e-6
9031,3.064805308242794e-5
9032,3.064805308242794e-6
9033,9.194415924728382e-6
9034,4.597207962364191e-5
9035,6.129610616485588e-6
9036,4.597207962364191e-6
9037,3.064805308242794e-6
9038,1.532402654121397e-6
9039,3.8156826087622784e-4
9040,7.662013270606985e-6
9041,4.597207962364191e-6
9042,3.064805308242794e-6
9043,4.137487166127772e-5
9044,9.194415924728382e-6
9045,1.7929111053220344e-4
9046,4.597207962364191e-6
9047,4.597207962364191e-6
9048,9.96061725178908e-5
9049,2.4518442465942352e-5
9050,7.662013270606985e-6
9051,3.064805308242794e-6
9052,3.064805308242794e-6
9053,7.662013270606985e-6
9054,6.129610616485588e-6
9055,4.597207962364191e-6
9056,1.3791623887092572e-5
9057,4.7810962808587584e-4
9058,4.597207962364191e-6
9059,5.332761236342461e-4
9060,3.5704981841028547e-4
9061,4.597207962364191e-6
9062,1.0726818578849778e-5
9064,5.6698898202491684e-5
9065,1.6856429195335365e-5
9066,9.393628269764163e-4
9067,1.532402654121397e-6
9068,9.194415924728382e-6
9069,1.0726818578849778e-5
9070,1.0726818578849778e-5
9071,1.6856429195335365e-5
9072,1.3791623887092572e-5
9073,1.8082351318632483e-4
9074,9.194415924728382e-6
9075,9.010527606233814e-4
9076,1.0726818578849778e-5
9077,1.3025422560031873e-4
9078,2.6050845120063747e-5
9079,3.524526104479213e-5
9080,4.597207962364191e-6
9081,3.2180455736549336e-5
9082,6.129610616485588e-6
9083,4.597207962364191e-6
9084,9.194415924728382e-6
9085,1.532402654121397e-5
9086,1.532402654121397e-6
9087,9.194415924728382e-6
9088,6.129610616485588e-6
9089,6.895811943546286e-5
9090,4.597207962364191e-6
9091,1.532402654121397e-6
9092,9.194415924728382e-6
9093,6.129610616485588e-6
9094,1.6856429195335365e-5
9095,3.064805308242794e-6
9096,4.597207962364191e-6
9097,4.597207962364191e-6
9098,2.1453637157699556e-5
9099,9.194415924728382e-6
9100,3.6777663698913526e-5
9101,1.532402654121397e-6
9102,6.895811943546286e-5
9103,9.194415924728382e-6
9104,1.6856429195335365e-5
9105,1.532402654121397e-6
9106,3.064805308242794e-6
9107,1.532402654121397e-6
9108,6.129610616485588e-6
9109,3.064805308242794e-6
9110,6.129610616485588e-6
9111,3.064805308242794e-6
9112,1.532402654121397e-5
9113,4.597207962364191e-6
9114,9.194415924728382e-6
9115,1.0726818578849778e-5
9116,3.524526104479213e-5
9117,3.064805308242794e-6
9118,1.532402654121397e-6
9119,6.129610616485588e-6
9120,7.662013270606985e-6
9121,9.194415924728382e-6
9122,2.9115650428306543e-5
9123,1.0726818578849778e-5
9124,7.662013270606985e-6
9125,6.129610616485588e-6
9126,3.999570927256846e-4
9127,2.9115650428306543e-5
9128,3.064805308242794e-6
9129,2.9115650428306543e-5
9130,7.662013270606985e-6
9131,4.597207962364191e-6
9132,2.2986039811820954e-5
9133,6.129610616485588e-6
9134,7.662013270606985e-6
9135,3.064805308242794e-6
9136,1.532402654121397e-6
9137,1.2259221232971176e-5
9138,4.597207962364191e-6
9139,1.0726818578849778e-5
9140,6.129610616485588e-6
9141,3.984246900715632e-5
9142,1.2259221232971176e-5
9143,9.194415924728382e-6
9144,6.129610616485588e-6
9145,4.597207962364191e-6
9146,1.532402654121397e-6
9147,1.532402654121397e-6
9148,4.597207962364191e-6
9149,1.2259221232971176e-5
9150,4.597207962364191e-6
9151,4.290727431539911e-5
9153,1.2259221232971176e-5
9154,6.129610616485588e-6
9155,6.129610616485588e-6
9156,1.2259221232971176e-5
9157,2.4518442465942352e-5
9158,4.443967696952051e-5
9159,1.0726818578849778e-5
9160,1.992123450357816e-5
9161,9.194415924728382e-6
9163,4.597207962364191e-6
9164,4.597207962364191e-6
9165,7.662013270606985e-6
9166,4.597207962364191e-6
9167,6.129610616485588e-6
9168,1.0726818578849778e-5
9169,3.064805308242794e-6
9170,3.064805308242794e-6
9171,5.746509952955238e-4
9172,2.1453637157699556e-5
9173,9.194415924728382e-6
9174,5.516649554837029e-5
9175,3.064805308242794e-6
9176,2.8502689366657983e-4
9177,7.662013270606985e-6
9178,2.2986039811820954e-5
9179,1.2259221232971176e-5
9180,1.532402654121397e-6
9181,4.597207962364191e-6
9183,3.064805308242794e-6
9184,5.3634092894248895e-5
9185,8.121734066843403e-5
9186,1.3791623887092572e-5
9187,1.2259221232971176e-5
9188,4.597207962364191e-6
9189,6.129610616485588e-6
9190,3.064805308242794e-6
9191,1.0726818578849778e-5
9192,7.662013270606985e-6
9193,0.0011523667958992904
9194,1.3791623887092572e-5
9195,4.75044822777633e-5
9196,1.532402654121397e-6
9197,4.443967696952051e-5
9198,7.049052208958426e-5
9199,4.597207962364191e-6
9200,1.026709778261336e-4
9201,3.6777663698913526e-5
9202,1.1033299109674058e-4
9203,8.933907473527744e-4
9204,9.179091898187168e-4
9205,2.1760117688523836e-4
9206,6.129610616485588e-6
9207,7.662013270606985e-6
9208,1.4098104417916853e-4
9209,3.064805308242794e-6
9210,1.2259221232971176e-5
9211,9.194415924728382e-6
9212,1.0726818578849778e-5
9213,6.129610616485588e-6
9214,1.532402654121397e-6
9215,2.2986039811820954e-5
9216,4.597207962364191e-6
9217,1.563050707203825e-4
9218,7.662013270606985e-6
9219,4.75044822777633e-5
9220,1.992123450357816e-5
9221,2.2986039811820954e-5
9222,1.486430574497755e-4
9223,6.589331412722007e-5
9224,9.194415924728382e-6
9225,9.194415924728382e-6
9226,1.2259221232971176e-5
9227,1.532402654121397e-5
9228,5.6698898202491684e-5
9229,4.597207962364191e-6
9230,1.3791623887092572e-4
9231,1.8388831849456763e-5
9232,1.3791623887092572e-5
9233,3.064805308242794e-6
9234,2.2986039811820954e-5
9235,9.194415924728382e-6
9236,7.662013270606985e-6
9237,6.129610616485588e-6
9238,3.064805308242794e-6
9239,1.2259221232971176e-5
9240,1.8388831849456763e-5
9241,3.064805308242794e-6
9242,3.064805308242794e-6
9243,2.4518442465942352e-5
9245,3.6777663698913526e-5
9246,2.4518442465942352e-5
9247,4.597207962364191e-6
9248,1.4557825214153272e-4
9249,1.992123450357816e-5
9250,1.532402654121397e-6
9251,6.129610616485588e-6
9252,3.064805308242794e-6
9253,3.2180455736549336e-5
9254,1.992123450357816e-5
9255,3.064805308242794e-6
9256,2.2986039811820954e-4
9257,9.194415924728382e-6
9258,6.129610616485588e-6
9259,1.532402654121397e-6
9260,5.8231300856613086e-5
9261,1.2259221232971176e-5
9262,1.1646260171322617e-4
9263,6.129610616485588e-6
9264,3.9229507945507763e-4
9265,2.022771503440244e-4
9266,1.3791623887092572e-5
9267,7.662013270606985e-6
9269,1.9155033176517463e-4
9270,1.0726818578849778e-5
9271,6.129610616485588e-6
9272,4.597207962364191e-6
9273,1.3791623887092572e-5
9274,9.194415924728382e-6
9275,1.8388831849456763e-5
9276,6.129610616485588e-6
9278,4.597207962364191e-6
9279,2.7583247774185145e-5
9280,7.662013270606985e-6
9281,4.597207962364191e-6
9282,1.2259221232971176e-5
9283,3.064805308242794e-6
9284,6.129610616485588e-6
9285,1.532402654121397e-6
9286,6.129610616485588e-6
9287,5.976370351073448e-5
9288,1.532402654121397e-6
9289,9.194415924728382e-6
9290,4.597207962364191e-6
9291,1.532402654121397e-6
9292,2.6050845120063747e-5
9293,1.3791623887092572e-5
9294,3.064805308242794e-6
9296,7.662013270606985e-6
9297,4.597207962364191e-6
9298,1.532402654121397e-5
9299,3.2180455736549336e-5
9300,2.7583247774185145e-5
9301,4.597207962364191e-6
9302,3.064805308242794e-6
9303,0.002412001777587079
9304,3.6777663698913526e-5
9305,9.194415924728382e-6
9306,1.0726818578849778e-5
9307,3.064805308242794e-6
9309,2.0687435830638859e-4
9310,9.194415924728382e-5
9311,1.2259221232971176e-5
9312,3.2180455736549336e-5
9314,7.662013270606985e-6
9315,1.2259221232971176e-5
9316,1.2259221232971176e-5
9317,1.992123450357816e-5
9318,4.597207962364191e-6
9319,3.064805308242794e-6
9320,2.6050845120063747e-5
9321,6.129610616485588e-6
9322,7.662013270606985e-6
9323,3.064805308242794e-5
9324,2.2832799546408815e-4
9325,4.597207962364191e-6
9326,1.0726818578849778e-5
9327,1.532402654121397e-5
9328,1.532402654121397e-6
9329,6.742571678134146e-5
9330,6.129610616485588e-6
9332,7.202292474370565e-5
9333,1.532402654121397e-6
9334,3.064805308242794e-6
9335,6.129610616485588e-6
9336,3.984246900715632e-5
9337,9.96061725178908e-5
9338,2.7583247774185145e-5
9339,4.597207962364191e-6
9340,3.463229998314357e-4
9341,2.1300396892287416e-4
9342,4.597207962364191e-6
9343,3.064805308242794e-6
9344,6.129610616485588e-6
9345,3.064805308242794e-6
9347,1.0726818578849778e-5
9348,3.064805308242794e-6
9349,4.597207962364191e-6
9350,7.662013270606985e-6
9351,1.0726818578849778e-5
9352,1.532402654121397e-6
9353,1.2259221232971176e-5
9355,1.0726818578849778e-5
9356,3.064805308242794e-6
9357,2.4518442465942352e-5
9358,3.064805308242794e-6
9359,1.0726818578849778e-5
9360,6.282850881897727e-5
9361,1.532402654121397e-6
9362,4.597207962364191e-6
9363,7.662013270606985e-6
9364,9.194415924728382e-6
9365,1.532402654121397e-5
9366,2.2986039811820954e-5
9367,1.532402654121397e-5
9368,1.946151370734174e-4
9369,5.8231300856613086e-5
9370,9.194415924728382e-6
9371,8.887935393904103e-5
9372,3.064805308242794e-6
9374,3.984246900715632e-5
9375,4.443967696952051e-5
9376,1.0726818578849778e-5
9377,7.662013270606985e-6
9378,3.386609865608287e-4
9379,6.129610616485588e-6
9380,4.903688493188471e-4
9381,4.597207962364191e-6
9382,1.0726818578849778e-5
9383,3.064805308242794e-6
9384,5.05692875860061e-5
9385,7.202292474370565e-5
9386,6.129610616485588e-6
9387,2.6050845120063747e-5
9388,1.992123450357816e-5
9389,2.2986039811820954e-5
9390,1.532402654121397e-6
9391,6.129610616485588e-6
9392,4.597207962364191e-6
9393,6.129610616485588e-6
9395,3.064805308242794e-6
9396,9.194415924728382e-6
9397,3.2180455736549336e-5
9398,3.064805308242794e-6
9399,3.524526104479213e-5
9400,1.3791623887092572e-5
9401,3.064805308242794e-6
9402,4.597207962364191e-6
9403,7.662013270606985e-6
9404,5.516649554837029e-5
9405,4.597207962364191e-6
9406,3.064805308242794e-6
9407,7.662013270606985e-6
9408,3.984246900715632e-5
9409,6.129610616485588e-5
9410,3.064805308242794e-6
9411,4.597207962364191e-6
9412,1.532402654121397e-5
9413,1.532402654121397e-5
9414,6.129610616485588e-6
9415,3.064805308242794e-6
9416,6.129610616485588e-6
9417,2.6050845120063747e-5
9418,2.2066598219348116e-4
9419,1.8388831849456763e-5
9420,3.064805308242794e-5
9421,1.8388831849456763e-5
9422,1.8388831849456763e-4
9423,1.8388831849456763e-5
9424,8.734695128491963e-5
9425,3.064805308242794e-5
9426,4.597207962364191e-6
9427,2.5591124323827327e-4
9428,1.517078627580183e-4
9429,7.662013270606985e-6
9430,1.2259221232971176e-5
9431,4.597207962364191e-6
9432,1.8388831849456763e-5
9433,4.597207962364191e-6
9434,7.662013270606985e-6
9437,1.532402654121397e-6
9438,4.597207962364191e-6
9439,3.064805308242794e-6
9440,3.984246900715632e-5
9441,4.597207962364191e-6
9442,0.0027399359455690577
9443,1.3791623887092572e-5
9444,3.064805308242794e-6
9445,7.662013270606985e-6
9446,1.8235591584044624e-4
9447,1.8388831849456763e-5
9448,3.064805308242794e-6
9449,1.992123450357816e-5
9450,3.064805308242794e-6
9451,3.064805308242794e-6
9452,2.4518442465942352e-5
9453,6.129610616485588e-6
9454,1.7929111053220344e-4
9455,1.0726818578849778e-5
9456,6.129610616485588e-6
9457,2.1453637157699556e-5
9459,4.597207962364191e-6
9460,2.6050845120063747e-5
9462,6.129610616485588e-6
9463,1.532402654121397e-6
9464,7.662013270606985e-6
9465,1.532402654121397e-6
9466,1.0726818578849778e-5
9467,3.064805308242794e-5
9468,2.1760117688523836e-4
9469,3.7390624760562087e-4
9470,9.194415924728382e-6
9471,2.9115650428306543e-5
9472,1.8388831849456763e-5
9473,8.581454863079822e-5
9474,6.129610616485588e-6
9475,7.662013270606985e-6
9476,6.129610616485588e-6
9477,7.662013270606985e-6
9478,3.064805308242794e-6
9479,1.8388831849456763e-5
9480,4.597207962364191e-6
9481,4.597207962364191e-6
9482,3.524526104479213e-5
9483,4.597207962364191e-6
9484,1.532402654121397e-5
9485,4.597207962364191e-6
9486,4.597207962364191e-6
9487,7.662013270606985e-6
9488,7.662013270606985e-6
9489,2.4518442465942352e-5
9490,1.532402654121397e-5
9491,4.597207962364191e-6
9492,7.662013270606985e-6
9493,3.064805308242794e-6
9494,1.532402654121397e-5
9495,4.597207962364191e-6
9497,8.428214597667684e-5
9498,9.761404906753298e-4
9499,1.6856429195335365e-5
9500,1.8388831849456763e-5
9501,1.532402654121397e-5
9502,3.064805308242794e-6
9503,4.9036884931884704e-5
9504,9.317008137058094e-4
9505,3.064805308242794e-6
9506,1.992123450357816e-5
9507,2.2986039811820954e-5
9508,6.129610616485588e-6
9509,4.597207962364191e-6
9510,2.2986039811820954e-5
9511,7.662013270606985e-6
9512,6.129610616485588e-6
9513,2.9115650428306543e-5
9514,3.064805308242794e-6
9515,4.597207962364191e-5
9516,4.597207962364191e-6
9517,7.662013270606985e-6
9518,1.8388831849456763e-5
9519,6.129610616485588e-6
9520,8.121734066843403e-5
9521,9.194415924728382e-6
9522,6.129610616485588e-6
9523,2.9115650428306543e-5
9524,4.597207962364191e-6
9525,1.532402654121397e-6
9526,7.049052208958426e-5
9527,4.597207962364191e-6
9528,3.984246900715632e-5
9529,1.6856429195335365e-5
9530,1.532402654121397e-6
9531,3.064805308242794e-6
9532,1.8388831849456763e-5
9533,4.597207962364191e-6
9534,4.597207962364191e-6
9536,3.12610141440765e-4
9537,3.064805308242794e-6
9538,7.662013270606985e-6
9539,1.1493019905910477e-4
9540,1.532402654121397e-6
9541,9.347656190140522e-5
9542,1.2259221232971176e-5
9543,7.9684938014312645e-05
9544,4.597207962364191e-6
9545,1.992123450357816e-5
9546,7.9684938014312645e-05
9547,9.6541367209648e-5
9548,1.8388831849456763e-5
9549,2.7583247774185145e-5
9550,2.4518442465942352e-5
9551,1.2259221232971176e-5
9552,3.386609865608287e-4
9553,4.811744333941186e-4
9554,4.597207962364191e-6
9555,2.942213095913082e-4
9556,4.597207962364191e-6
9557,2.2986039811820954e-5
9558,6.129610616485588e-6
9559,2.2986039811820954e-5
9560,2.9115650428306543e-5
9561,4.597207962364191e-6
9562,2.1453637157699556e-5
9563,1.2259221232971176e-5
9564,7.370856766323919e-4
9565,7.662013270606985e-6
9566,2.2986039811820954e-5
9567,0.0011707556277487472
9568,0.0018542072114868904
9569,4.597207962364191e-6
9570,1.0573578313437639e-4
9571,4.597207962364191e-6
9572,1.532402654121397e-6
9573,1.532402654121397e-6
9574,7.815253536019124e-5
9575,4.597207962364191e-6
9576,9.347656190140522e-5
9577,2.2986039811820954e-4
9578,6.129610616485588e-6
9579,2.482492299676663e-4
9580,6.129610616485588e-6
9581,3.064805308242794e-6
9582,1.532402654121397e-5
9583,4.597207962364191e-6
9584,6.129610616485588e-6
9585,3.2180455736549336e-5
9586,7.662013270606985e-6
9587,1.992123450357816e-5
9588,1.3791623887092572e-5
9589,3.064805308242794e-6
9590,1.0726818578849778e-5
9591,1.532402654121397e-5
9592,1.0726818578849779e-4
9593,3.064805308242794e-6
9594,2.7583247774185145e-5
9595,9.194415924728382e-6
9596,1.532402654121397e-6
9597,4.597207962364191e-6
9598,7.355532739782705e-5
9599,3.064805308242794e-6
9600,6.129610616485588e-6
9601,1.4557825214153272e-4
9602,1.532402654121397e-5
9603,3.984246900715632e-5
9604,9.194415924728382e-6
9605,7.662013270606985e-6
9606,4.597207962364191e-6
9607,3.064805308242794e-5
9608,4.459291723493265e-4
9609,1.6856429195335365e-5
9610,4.597207962364191e-6
9612,3.064805308242794e-6
9613,7.662013270606985e-6
9614,7.662013270606985e-6
9615,3.064805308242794e-6
9616,2.2832799546408815e-4
9617,1.532402654121397e-6
9618,1.532402654121397e-6
9619,4.597207962364191e-6
9620,6.129610616485588e-6
9621,2.2986039811820954e-5
9622,4.137487166127772e-5
9623,1.0726818578849778e-5
9624,6.129610616485588e-6
9625,1.0726818578849778e-5
9626,4.597207962364191e-6
9627,1.8388831849456763e-5
9628,4.597207962364191e-6
9629,4.597207962364191e-6
9630,3.064805308242794e-6
9631,4.597207962364191e-6
9632,1.0726818578849778e-5
9633,4.597207962364191e-6
9634,3.064805308242794e-6
9635,5.8231300856613086e-5
9636,9.041175659316241e-5
9637,3.064805308242794e-5
9638,7.662013270606985e-6
9640,5.05692875860061e-5
9641,7.662013270606985e-6
9642,1.532402654121397e-6
9643,7.049052208958426e-5
9644,2.6050845120063747e-5
9645,3.064805308242794e-6
9646,8.274974332255543e-5
9647,3.064805308242794e-6
9648,4.597207962364191e-6
9649,2.6050845120063747e-5
9650,3.064805308242794e-6
9651,4.597207962364191e-6
9652,6.129610616485588e-6
9653,3.064805308242794e-6
9654,1.532402654121397e-5
9655,1.0726818578849778e-5
9656,3.064805308242794e-6
9657,1.532402654121397e-5
9658,1.011385751720122e-4
9659,1.992123450357816e-5
9660,1.6856429195335365e-5
9661,1.7929111053220344e-4
9662,1.2259221232971176e-5
9663,9.194415924728382e-6
9664,4.597207962364191e-6
9665,1.2259221232971176e-5
9667,1.992123450357816e-5
9668,4.597207962364191e-6
9669,9.194415924728382e-6
9670,1.2259221232971176e-5
9672,3.064805308242794e-6
9673,1.532402654121397e-5
9674,5.6698898202491684e-5
9675,9.194415924728382e-6
9676,4.597207962364191e-6
9677,6.129610616485588e-5
9678,4.597207962364191e-6
9679,9.194415924728382e-6
9680,4.597207962364191e-6
9681,1.8388831849456763e-5
9682,7.662013270606985e-6
9683,4.597207962364191e-6
9684,9.194415924728382e-6
9685,4.597207962364191e-6
9687,4.597207962364191e-6
9688,4.597207962364191e-6
9689,4.597207962364191e-6
9690,3.064805308242794e-6
9691,3.064805308242794e-6
9692,1.2259221232971176e-5
9694,3.064805308242794e-6
9695,1.7469390256983925e-4
9696,1.2872182294619734e-4
9698,1.517078627580183e-4
9699,9.194415924728382e-6
9700,1.532402654121397e-6
9701,6.129610616485588e-6
9702,3.064805308242794e-6
9703,6.129610616485588e-6
9704,7.662013270606985e-6
9705,4.597207962364191e-6
9706,3.064805308242794e-6
9707,7.662013270606985e-6
9708,1.532402654121397e-6
9709,1.532402654121397e-6
9710,3.984246900715632e-5
9711,1.532402654121397e-6
9712,3.064805308242794e-6
9714,7.662013270606985e-6
9715,1.2259221232971176e-5
9716,1.0573578313437639e-4
9717,1.532402654121397e-5
9719,9.194415924728382e-6
9720,1.2259221232971176e-5
9721,6.129610616485588e-6
9722,1.2259221232971176e-5
9723,6.129610616485588e-6
9724,3.064805308242794e-6
9725,1.0726818578849778e-5
9726,3.831006635303492e-5
9728,2.4518442465942352e-5
9729,4.597207962364191e-6
9730,3.2027215471137194e-4
9731,4.597207962364191e-6
9733,3.064805308242794e-6
9734,0.0011707556277487472
9735,1.8235591584044624e-4
9736,4.045543006880488e-4
9737,1.2259221232971176e-5
9738,7.355532739782705e-4
9739,1.8388831849456763e-5
9740,1.6856429195335365e-5
9741,4.597207962364191e-6
9742,2.4518442465942352e-5
9743,7.815253536019124e-5
9744,2.7583247774185145e-5
9745,4.597207962364191e-6
9746,6.436091147309867e-5
9747,4.597207962364191e-6
9748,6.129610616485588e-6
9749,4.597207962364191e-6
9750,9.194415924728382e-5
9751,9.194415924728382e-6
9752,3.064805308242794e-5
9753,1.486430574497755e-4
9754,6.129610616485588e-6
9755,4.597207962364191e-6
9756,4.597207962364191e-6
9757,6.129610616485588e-6
9758,3.064805308242794e-6
9759,4.597207962364191e-6
9761,4.597207962364191e-6
9762,4.597207962364191e-6
9763,1.8388831849456763e-5
9764,2.7583247774185145e-5
9765,2.2986039811820954e-5
9766,4.290727431539911e-5
9767,9.807376986376941e-5
9768,6.129610616485588e-6
9769,4.443967696952051e-5
9770,4.597207962364191e-6
9771,7.662013270606985e-6
9772,2.9115650428306543e-5
9773,1.8388831849456763e-5
9774,9.194415924728382e-6
9775,1.0726818578849778e-5
9776,1.0726818578849778e-5
9777,7.662013270606985e-6
9778,3.064805308242794e-5
9779,4.597207962364191e-6
9780,3.064805308242794e-6
9781,1.532402654121397e-6
9782,1.1799500436734756e-4
9783,7.662013270606985e-6
9784,4.597207962364191e-6
9785,1.6703188929923226e-4
9786,1.992123450357816e-5
9787,4.597207962364191e-5
9788,1.0726818578849778e-5
9790,1.532402654121397e-6
9791,1.532402654121397e-6
9792,3.064805308242794e-6
9793,4.597207962364191e-6
9794,4.597207962364191e-6
9795,3.064805308242794e-6
9796,9.194415924728382e-6
9797,6.129610616485588e-6
9798,3.064805308242794e-6
9799,4.597207962364191e-6
9800,4.597207962364191e-6
9801,4.597207962364191e-6
9802,1.0880058844261918e-4
9803,1.0726818578849778e-5
9804,7.662013270606985e-6
9805,9.50089645555266e-5
9806,1.532402654121397e-6
9807,9.194415924728382e-6
9808,1.2259221232971176e-5
9809,2.3139280077233093e-4
9810,4.597207962364191e-6
9811,6.129610616485588e-6
9812,1.992123450357816e-5
9813,3.371285839067073e-5
9815,8.121734066843403e-5
9816,1.2259221232971176e-5
9817,2.4518442465942353e-4
9818,7.662013270606985e-6
9819,1.992123450357816e-5
9820,1.532402654121397e-6
9821,4.597207962364191e-6
9822,3.064805308242794e-6
9823,2.0380955299814578e-4
9824,1.0726818578849778e-5
9825,1.532402654121397e-5
9826,4.597207962364191e-6
9827,4.597207962364191e-6
9829,7.662013270606985e-6
9830,3.2180455736549336e-5
9831,1.8388831849456763e-5
9832,1.532402654121397e-6
9833,7.508773005194845e-5
9834,9.194415924728382e-6
9835,4.597207962364191e-6
9836,1.532402654121397e-6
9837,2.6050845120063747e-5
9838,9.194415924728382e-6
9839,9.194415924728382e-6
9840,3.524526104479213e-5
9841,1.1799500436734756e-4
9842,3.6777663698913526e-5
9843,1.2259221232971176e-5
9844,1.3791623887092572e-5
9845,6.129610616485588e-6
9847,4.597207962364191e-6
9848,6.129610616485588e-6
9849,4.597207962364191e-6
9850,1.0726818578849778e-5
9851,7.662013270606985e-6
9852,1.0726818578849778e-5
9854,1.532402654121397e-6
9855,1.6856429195335365e-5
9856,7.662013270606985e-6
9857,3.371285839067073e-5
9858,1.3791623887092572e-5
9859,6.129610616485588e-6
9860,1.0726818578849778e-5
9861,3.064805308242794e-6
9862,4.597207962364191e-6
9863,3.064805308242794e-6
9864,3.064805308242794e-6
9865,6.129610616485588e-6
9866,1.6856429195335365e-5
9867,1.6856429195335365e-5
9868,5.3634092894248895e-5
9869,4.597207962364191e-6
9870,4.597207962364191e-6
9871,6.129610616485588e-6
9872,4.597207962364191e-6
9873,1.992123450357816e-5
9874,6.129610616485588e-6
9875,1.501754601038969e-4
9876,1.532402654121397e-6
9877,3.064805308242794e-6
9878,2.2986039811820954e-5
9879,6.282850881897727e-5
9880,6.129610616485588e-6
9881,1.0726818578849778e-5
9882,7.662013270606985e-6
9883,6.129610616485588e-6
9884,4.597207962364191e-6
9885,4.597207962364191e-6
9886,1.1646260171322617e-4
9887,2.6050845120063747e-5
9888,2.7583247774185145e-5
9889,8.581454863079822e-5
9890,1.532402654121397e-6
9891,2.6050845120063747e-5
9892,1.532402654121397e-6
9893,7.662013270606985e-6
9894,6.129610616485588e-6
9895,7.662013270606985e-6
9896,9.194415924728382e-6
9897,1.2259221232971176e-5
9898,4.597207962364191e-6
9899,2.2986039811820954e-5
9900,1.532402654121397e-6
9901,1.2259221232971176e-5
9902,1.0726818578849778e-5
9903,1.3791623887092572e-5
9904,1.992123450357816e-5
9905,3.064805308242794e-6
9906,1.6856429195335365e-5
9907,3.064805308242794e-6
9908,1.0726818578849778e-5
9909,6.129610616485588e-6
9910,1.992123450357816e-5
9911,2.1453637157699556e-5
9912,6.129610616485588e-6
9913,6.129610616485588e-6
9914,1.547726680662611e-4
9915,1.532402654121397e-6
9916,5.6698898202491684e-5
9917,1.6856429195335365e-5
9918,3.064805308242794e-6
9919,7.662013270606985e-6
9920,1.8388831849456763e-5
9921,2.2219838484760255e-4
9922,1.011385751720122e-4
9923,2.988185175536724e-4
9924,4.704476148152689e-4
9925,6.129610616485588e-6
9926,1.8388831849456763e-5
9927,2.5591124323827327e-4
9928,6.129610616485588e-6
9929,3.064805308242794e-5
9930,6.129610616485588e-6
9931,1.0726818578849778e-5
9932,9.194415924728382e-6
9933,1.8388831849456763e-5
9934,1.992123450357816e-5
9935,2.2986039811820954e-5
9936,1.532402654121397e-6
9937,4.597207962364191e-6
9938,1.992123450357816e-5
9939,1.532402654121397e-6
9940,3.064805308242794e-6
9941,3.524526104479213e-5
9942,1.6856429195335365e-5
9943,0.00015783747337450388
9944,7.9684938014312645e-05
9945,2.6050845120063747e-5
9946,7.815253536019124e-5
9947,3.6777663698913526e-5
9948,5.516649554837029e-5
9949,1.2412461498383315e-4
9950,4.597207962364191e-6
9951,7.662013270606985e-6
9952,1.532402654121397e-6
9953,1.532402654121397e-6
9954,6.129610616485588e-6
9955,6.129610616485588e-6
9956,9.194415924728382e-6
9957,1.8388831849456763e-5
9958,2.7583247774185145e-5
9959,1.1646260171322617e-4
9960,1.532402654121397e-5
9961,6.129610616485588e-6
9962,4.3213754846223393e-4
9963,1.6856429195335365e-5
9964,1.6856429195335365e-5
9965,8.428214597667684e-5
9967,1.486430574497755e-4
9968,7.662013270606985e-6
9969,1.532402654121397e-5
9970,1.8388831849456763e-5
9971,4.597207962364191e-6
9972,1.6856429195335365e-5
9973,3.064805308242794e-6
9974,4.9036884931884704e-5
9975,3.064805308242794e-6
9977,7.049052208958426e-5
9978,4.597207962364191e-6
9979,1.2872182294619734e-4
9980,1.532402654121397e-5
9981,5.976370351073448e-5
9982,4.597207962364191e-6
9983,1.3791623887092572e-5
9984,3.064805308242794e-6
9985,9.96061725178908e-5
9986,5.976370351073448e-5
9987,1.3791623887092572e-5
9988,1.532402654121397e-6
9989,4.597207962364191e-6
9990,9.194415924728382e-6
9991,5.976370351073448e-5
9992,4.290727431539911e-5
9993,3.401933892149501e-4
9994,3.064805308242794e-6
9995,1.3791623887092572e-5
9996,6.129610616485588e-6
9997,3.064805308242794e-6
9998,3.064805308242794e-6
9999,1.3791623887092572e-5
10000,1.532402654121397e-5
10001,1.532402654121397e-5
10002,3.064805308242794e-6
10003,9.194415924728382e-6
10004,4.597207962364191e-6
10005,7.662013270606985e-6
10006,6.129610616485588e-6
10007,1.532402654121397e-5
10008,7.049052208958426e-5
10009,1.0726818578849778e-5
10010,8.121734066843403e-5
10011,2.7583247774185145e-5
10012,4.597207962364191e-5
10013,4.597207962364191e-6
10014,1.532402654121397e-6
10015,6.129610616485588e-6
10016,1.532402654121397e-5
10017,9.194415924728382e-6
10018,4.597207962364191e-6
10019,9.194415924728382e-6
10020,3.064805308242794e-6
10021,6.129610616485588e-6
10022,1.0726818578849778e-5
10023,3.064805308242794e-6
10024,3.064805308242794e-6
10025,4.290727431539911e-5
10026,4.597207962364191e-6
10027,3.064805308242794e-6
10028,1.2259221232971176e-5
10029,3.064805308242794e-6
10030,4.75044822777633e-5
10031,1.8388831849456763e-5
10032,0.0012335841365677246
10033,3.524526104479213e-5
10034,1.532402654121397e-6
10035,2.9115650428306543e-5
10036,1.2259221232971176e-5
10037,4.597207962364191e-6
10038,0.003585822210644069
10039,1.532402654121397e-6
10040,9.194415924728382e-6
10041,1.2565701763795454e-4
10042,1.532402654121397e-5
10043,9.194415924728382e-6
10044,4.597207962364191e-6
10045,5.2101690240127493e-5
10046,1.532402654121397e-6
10047,4.597207962364191e-6
10048,2.9115650428306543e-5
10049,1.532402654121397e-6
10050,9.194415924728382e-6
10051,9.194415924728382e-6
10052,7.662013270606985e-6
10054,9.194415924728382e-6
10055,1.0726818578849778e-5
10056,3.064805308242794e-6
10057,3.524526104479213e-5
10059,6.129610616485588e-6
10060,3.064805308242794e-6
10061,7.662013270606985e-6
10062,5.6698898202491684e-5
10063,8.274974332255543e-5
10064,6.129610616485588e-6
10065,6.129610616485588e-6
10066,3.064805308242794e-6
10067,1.6856429195335365e-5
10068,9.194415924728382e-6
10069,1.532402654121397e-6
10070,6.129610616485588e-6
10071,6.129610616485588e-6
10072,4.597207962364191e-6
10073,4.75044822777633e-5
10074,2.4518442465942352e-5
10075,6.282850881897727e-5
10076,6.129610616485588e-6
10077,1.2259221232971176e-5
10078,3.064805308242794e-6
10079,1.0726818578849778e-5
10080,3.064805308242794e-6
10081,4.597207962364191e-6
10082,3.831006635303492e-5
10083,3.064805308242794e-6
10084,4.597207962364191e-6
10085,1.2259221232971176e-5
10086,1.6856429195335365e-5
10087,4.597207962364191e-6
10088,7.662013270606985e-6
10089,6.129610616485588e-6
10090,7.662013270606985e-6
10091,1.4557825214153272e-4
10092,1.6856429195335365e-5
10093,1.532402654121397e-6
10094,4.597207962364191e-6
10095,1.532402654121397e-6
10096,1.3791623887092572e-5
10097,4.597207962364191e-6
10098,4.290727431539911e-5
10100,2.9115650428306543e-5
10101,8.274974332255543e-5
10102,2.9115650428306543e-5
10103,4.597207962364191e-6
10104,6.129610616485588e-6
10105,1.992123450357816e-5
10106,6.129610616485588e-6
10107,1.532402654121397e-6
10108,9.194415924728382e-6
10109,1.532402654121397e-6
10110,4.520587829658121e-4
10111,1.3791623887092572e-5
10112,1.532402654121397e-6
10113,1.593698760286253e-4
10114,4.597207962364191e-6
10115,4.9036884931884704e-5
10116,7.662013270606985e-6
10117,1.8388831849456763e-5
10118,2.2986039811820954e-5
10119,6.129610616485588e-6
10120,1.0726818578849778e-5
10121,1.2259221232971176e-5
10122,3.064805308242794e-6
10123,3.524526104479213e-5
10124,1.6856429195335365e-5
10125,6.129610616485588e-6
10126,9.041175659316241e-5
10127,5.05692875860061e-5
10128,2.1453637157699556e-5
10129,3.6777663698913526e-5
10130,1.992123450357816e-5
10131,1.3791623887092572e-5
10132,3.6777663698913526e-5
10133,7.662013270606985e-6
10134,2.7583247774185145e-5
10135,4.597207962364191e-6
10136,1.1952740702146896e-4
10137,3.064805308242794e-6
10138,9.041175659316241e-5
10139,2.4518442465942352e-5
10140,9.194415924728382e-6
10141,1.0573578313437639e-4
10142,6.129610616485588e-6
10143,4.597207962364191e-6
10144,1.2259221232971176e-5
10145,1.532402654121397e-6
10147,7.662013270606985e-6
10148,6.589331412722007e-5
10149,1.6856429195335365e-5
10150,3.524526104479213e-5
10151,5.3634092894248895e-5
10152,6.129610616485588e-6
10153,7.662013270606985e-6
10154,2.9115650428306543e-5
10155,6.129610616485588e-6
10156,2.1453637157699556e-5
10157,3.064805308242794e-5
10158,1.532402654121397e-5
10159,7.662013270606985e-6
10160,2.6050845120063747e-5
10161,6.282850881897727e-5
10162,2.2986039811820954e-5
10163,2.6050845120063747e-5
10164,3.064805308242794e-6
10165,1.532402654121397e-6
10166,2.2986039811820954e-5
10167,6.129610616485588e-6
10168,3.064805308242794e-6
10169,1.2259221232971176e-5
10170,2.2986039811820954e-5
10171,4.597207962364191e-6
10172,4.597207962364191e-6
10173,3.064805308242794e-6
10174,7.662013270606985e-6
10175,1.2259221232971176e-5
10176,2.6970286712536584e-4
10177,3.064805308242794e-6
10178,7.662013270606985e-6
10179,2.1453637157699556e-5
10180,1.3791623887092572e-5
10181,9.194415924728382e-6
10182,6.129610616485588e-6
10183,1.992123450357816e-5
10184,1.532402654121397e-5
10185,4.597207962364191e-6
10186,6.129610616485588e-6
10187,4.597207962364191e-6
10188,6.129610616485588e-6
10189,1.3791623887092572e-5
10190,6.129610616485588e-6
10191,3.064805308242794e-6
10192,2.2986039811820954e-5
10193,1.532402654121397e-5
10194,4.9036884931884704e-5
10195,4.443967696952051e-5
10196,2.4518442465942352e-5
10198,2.7583247774185145e-5
10199,6.129610616485588e-6
10200,9.194415924728382e-6
10201,2.9115650428306543e-5
10202,1.8388831849456763e-5
10203,3.2180455736549336e-5
10204,3.064805308242794e-6
10205,2.4518442465942352e-5
10206,1.532402654121397e-5
10207,1.2259221232971176e-5
10208,3.064805308242794e-5
10209,1.532402654121397e-5
10210,6.742571678134146e-5
10211,1.2259221232971176e-5
10212,2.6050845120063747e-5
10213,2.2986039811820954e-5
10214,1.532402654121397e-6
10215,7.662013270606985e-6
10217,3.064805308242794e-6
10218,4.597207962364191e-6
10219,6.129610616485588e-6
10221,1.532402654121397e-6
10222,6.129610616485588e-6
10223,1.3791623887092572e-5
10224,2.2986039811820954e-5
10225,3.064805308242794e-6
10226,2.6050845120063747e-5
10227,7.662013270606985e-6
10229,1.532402654121397e-5
10230,4.137487166127772e-5
10231,3.064805308242794e-6
10232,4.3213754846223393e-4
10233,1.992123450357816e-5
10234,4.597207962364191e-6
10235,5.71586189987281e-4
10236,3.064805308242794e-6
10237,9.194415924728382e-6
10238,5.6698898202491684e-5
10239,2.9115650428306543e-5
10240,4.597207962364191e-6
10241,1.532402654121397e-6
10242,4.597207962364191e-6
10243,6.129610616485588e-6
10244,6.129610616485588e-6
10245,1.532402654121397e-6
10246,7.508773005194845e-5
10247,1.8388831849456763e-5
10248,1.1339779640498337e-4
10249,3.064805308242794e-6
10250,7.662013270606985e-6
10251,1.2259221232971176e-5
10252,1.532402654121397e-6
10253,1.992123450357816e-5
10254,4.597207962364191e-6
10255,5.577945661001884e-4
10256,3.2180455736549336e-5
10257,1.532402654121397e-6
10258,1.8388831849456763e-5
10259,8.887935393904103e-5
10260,1.2259221232971176e-5
10261,1.6856429195335365e-5
10262,7.662013270606985e-6
10263,1.3791623887092572e-5
10264,2.1453637157699556e-5
10265,4.597207962364191e-6
10266,4.597207962364191e-6
10267,7.662013270606985e-6
10268,1.0726818578849778e-5
10269,1.532402654121397e-6
10270,1.532402654121397e-6
10271,1.532402654121397e-6
10272,1.0726818578849778e-5
10273,3.064805308242794e-6
10274,3.064805308242794e-6
10275,5.6698898202491684e-5
10276,5.05692875860061e-5
10277,1.6856429195335365e-5
10278,3.984246900715632e-5
10279,4.597207962364191e-6
10280,1.0726818578849778e-5
10281,2.6050845120063747e-5
10282,1.532402654121397e-6
10283,7.662013270606985e-6
10284,4.597207962364191e-6
10285,4.597207962364191e-6
10286,1.532402654121397e-6
10287,1.8388831849456763e-5
10288,6.129610616485588e-6
10289,1.532402654121397e-5
10290,6.129610616485588e-6
10291,6.129610616485588e-6
10292,1.0726818578849778e-5
10293,2.6050845120063747e-5
10294,3.984246900715632e-5
10295,1.6856429195335365e-5
10296,3.371285839067073e-5
10297,1.2259221232971176e-5
10298,3.524526104479213e-5
10299,7.202292474370565e-5
10300,2.9115650428306543e-5
10301,6.129610616485588e-6
10302,7.662013270606985e-6
10303,2.6050845120063747e-5
10304,8.734695128491963e-5
10305,1.2259221232971176e-5
10306,1.6856429195335365e-5
10307,3.064805308242794e-5
10308,4.597207962364191e-6
10309,7.662013270606985e-6
10310,1.532402654121397e-6
10311,7.508773005194845e-5
10312,7.662013270606985e-6
10313,3.984246900715632e-5
10314,7.662013270606985e-6
10315,9.194415924728382e-6
10316,3.2180455736549336e-5
10317,1.532402654121397e-5
10318,5.976370351073448e-5
10319,2.2986039811820954e-4
10320,1.3791623887092572e-5
10321,3.831006635303492e-5
10322,2.4518442465942352e-5
10323,6.129610616485588e-6
10324,1.2259221232971176e-5
10325,1.8388831849456763e-5
10326,1.2259221232971176e-5
10327,4.597207962364191e-6
10328,3.984246900715632e-5
10329,3.064805308242794e-6
10330,1.2565701763795454e-4
10331,4.597207962364191e-6
10332,6.129610616485588e-6
10333,1.2259221232971176e-5
10334,6.129610616485588e-6
10335,1.532402654121397e-6
10336,3.064805308242794e-6
10337,1.8388831849456763e-5
10338,3.064805308242794e-6
10339,7.662013270606985e-6
10340,1.532402654121397e-6
10341,1.532402654121397e-6
10342,6.129610616485588e-6
10343,1.992123450357816e-5
10344,9.347656190140522e-5
10345,1.3791623887092572e-5
10346,7.815253536019124e-5
10347,3.064805308242794e-6
10348,1.0726818578849778e-5
10349,3.371285839067073e-5
10350,6.129610616485588e-6
10351,1.3791623887092572e-5
10352,3.064805308242794e-6
10353,9.194415924728382e-6
10354,6.129610616485588e-6
10355,1.532402654121397e-5
10356,1.532402654121397e-6
10357,9.194415924728382e-6
10358,4.597207962364191e-6
10359,7.662013270606985e-6
10360,1.532402654121397e-5
10361,1.593698760286253e-4
10362,7.662013270606985e-6
10363,1.3791623887092572e-5
10364,1.532402654121397e-6
10365,1.1033299109674058e-4
10366,3.064805308242794e-6
10367,1.532402654121397e-6
10368,1.6856429195335365e-5
10369,3.371285839067073e-5
10371,4.443967696952051e-5
10372,5.8231300856613086e-5
10373,2.2986039811820954e-5
10374,8.121734066843403e-5
10375,6.742571678134146e-5
10376,4.597207962364191e-5
10377,1.547726680662611e-4
10378,3.064805308242794e-6
10379,3.984246900715632e-5
10380,6.129610616485588e-6
10381,3.064805308242794e-6
10382,1.8388831849456763e-5
10383,3.064805308242794e-6
10384,6.390119067686225e-4
10385,6.129610616485588e-5
10386,6.02234243069709e-4
10387,1.3791623887092572e-5
10388,4.597207962364191e-6
10389,7.815253536019124e-5
10390,6.129610616485588e-6
10391,6.436091147309867e-5
10392,6.129610616485588e-6
10393,4.597207962364191e-6
10394,7.662013270606985e-6
10395,1.593698760286253e-4
10396,3.034157255160366e-4
10397,1.3178662825444015e-4
10398,2.4518442465942352e-5
10399,6.129610616485588e-6
10400,1.0726818578849778e-5
10401,6.129610616485588e-6
10402,1.3791623887092572e-5
10403,6.129610616485588e-6
10404,4.597207962364191e-6
10405,1.3485143356268292e-4
10406,1.532402654121397e-5
10407,2.528464379300305e-4
10408,3.064805308242794e-6
10409,4.597207962364191e-6
10410,3.064805308242794e-6
10411,4.597207962364191e-6
10412,1.0726818578849778e-5
10413,6.436091147309867e-5
10414,6.129610616485588e-6
10415,1.532402654121397e-6
10416,4.597207962364191e-6
10418,3.064805308242794e-6
10419,3.064805308242794e-6
10420,4.597207962364191e-6
10421,4.75044822777633e-5
10422,3.064805308242794e-6
10423,7.662013270606985e-6
10424,6.742571678134146e-5
10425,2.2986039811820954e-5
10426,4.597207962364191e-6
10427,1.0726818578849778e-5
10428,1.2259221232971176e-5
10429,7.662013270606985e-6
10430,1.532402654121397e-6
10432,1.2259221232971176e-5
10433,6.129610616485588e-6
10434,1.532402654121397e-6
10435,3.831006635303492e-5
10436,4.597207962364191e-6
10437,4.597207962364191e-6
10438,6.282850881897727e-5
10439,1.532402654121397e-6
10440,7.202292474370565e-5
10441,1.532402654121397e-6
10442,3.064805308242794e-6
10443,7.662013270606985e-6
10444,1.0726818578849778e-5
10445,3.064805308242794e-6
10446,1.2259221232971176e-5
10447,9.96061725178908e-5
10448,3.064805308242794e-6
10449,3.064805308242794e-6
10450,0.0015630507072038249
10451,6.282850881897727e-5
10452,1.1493019905910477e-4
10453,1.2259221232971176e-5
10454,1.532402654121397e-6
10455,6.129610616485588e-6
10456,1.3791623887092572e-5
10458,6.129610616485588e-6
10459,4.597207962364191e-6
10460,6.129610616485588e-6
10461,3.064805308242794e-6
10462,1.532402654121397e-6
10463,7.662013270606985e-6
10464,4.75044822777633e-5
10465,3.524526104479213e-5
10466,4.597207962364191e-6
10467,6.129610616485588e-6
10468,6.129610616485588e-6
10469,4.597207962364191e-6
10470,1.532402654121397e-6
10471,4.597207962364191e-6
10472,4.290727431539911e-5
10473,1.532402654121397e-6
10475,1.532402654121397e-6
10476,3.064805308242794e-6
10477,4.597207962364191e-6
10478,1.532402654121397e-5
10480,1.3791623887092572e-5
10481,1.0726818578849778e-5
10483,4.597207962364191e-6
10484,9.194415924728382e-6
10485,6.129610616485588e-6
10486,7.662013270606985e-6
10487,4.597207962364191e-6
10488,1.2259221232971176e-5
10489,3.064805308242794e-6
10490,1.8388831849456763e-5
10491,1.2259221232971176e-5
10492,3.064805308242794e-6
10493,1.0726818578849778e-5
10494,4.597207962364191e-6
10495,1.3791623887092572e-5
10496,3.064805308242794e-6
10497,1.532402654121397e-6
10498,4.597207962364191e-6
10499,4.597207962364191e-6
10500,1.0726818578849778e-5
10501,3.064805308242794e-6
10502,1.3791623887092572e-5
10503,6.129610616485588e-6
10504,9.6541367209648e-5
10505,5.516649554837029e-5
10506,6.129610616485588e-6
10507,3.064805308242794e-6
10508,1.0726818578849778e-5
10509,6.129610616485588e-6
10511,4.597207962364191e-6
10512,4.597207962364191e-6
10513,4.597207962364191e-6
10514,1.3791623887092572e-5
10515,1.532402654121397e-6
10516,3.064805308242794e-6
10517,3.064805308242794e-6
10518,0.002393612945737622
10519,4.290727431539911e-5
10520,7.662013270606985e-6
10521,5.961046324532234e-4
10522,2.6050845120063747e-5
10523,4.597207962364191e-6
10524,2.1453637157699556e-5
10525,7.662013270606985e-6
10526,3.064805308242794e-6
10527,6.129610616485588e-6
10528,1.1033299109674058e-4
10529,1.3791623887092572e-5
10530,4.597207962364191e-6
10531,6.129610616485588e-6
10532,1.992123450357816e-5
10533,4.2294313253750555e-4
10534,3.371285839067073e-5
10535,7.815253536019124e-5
10536,6.129610616485588e-6
10537,8.428214597667684e-5
10538,2.2986039811820954e-5
10539,1.011385751720122e-4
10540,3.064805308242794e-6
10541,6.129610616485588e-6
10542,2.9115650428306543e-5
10543,2.6050845120063747e-5
10544,3.2180455736549336e-5
10545,4.597207962364191e-6
10546,3.064805308242794e-6
10547,1.532402654121397e-6
10548,2.1453637157699556e-5
10549,6.129610616485588e-6
10550,1.0726818578849778e-5
10551,1.0726818578849778e-5
10552,3.064805308242794e-6
10553,1.0726818578849778e-5
10554,9.194415924728382e-6
10555,6.129610616485588e-6
10556,8.887935393904103e-5
10557,3.064805308242794e-5
10559,6.129610616485588e-6
10560,6.129610616485588e-6
10561,2.3599000873469512e-4
10562,4.75044822777633e-5
10563,4.75044822777633e-5
10564,6.129610616485588e-6
10565,6.129610616485588e-6
10566,4.597207962364191e-6
10567,2.89624101628944e-4
10568,3.064805308242794e-6
10569,4.597207962364191e-6
10570,4.597207962364191e-6
10571,4.597207962364191e-6
10572,4.290727431539911e-5
10573,3.831006635303492e-5
10574,9.194415924728382e-6
10575,1.992123450357816e-5
10576,1.0726818578849778e-5
10577,7.662013270606985e-6
10578,3.064805308242794e-6
10579,8.581454863079822e-5
10580,7.662013270606985e-6
10581,3.064805308242794e-6
10582,3.064805308242794e-6
10583,3.064805308242794e-6
10584,1.532402654121397e-6
10585,3.064805308242794e-6
10586,2.4518442465942352e-5
10587,4.597207962364191e-6
10588,2.1453637157699556e-5
10590,3.064805308242794e-6
10591,1.0726818578849778e-5
10592,4.597207962364191e-6
10593,6.129610616485588e-6
10594,2.6510565916300165e-4
10595,9.194415924728382e-6
10596,6.129610616485588e-6
10597,8.734695128491963e-5
10598,4.9036884931884704e-5
10599,9.194415924728382e-6
10600,3.064805308242794e-6
10601,6.282850881897727e-5
10602,1.2259221232971176e-5
10603,1.2259221232971176e-5
10604,7.508773005194845e-5
10605,2.988185175536724e-4
10606,1.3791623887092572e-5
10607,2.9115650428306543e-5
10608,7.662013270606985e-6
10609,4.9036884931884704e-5
10610,1.3791623887092572e-5
10611,1.0726818578849778e-5
10612,3.064805308242794e-6
10613,7.662013270606985e-6
10614,6.129610616485588e-6
10615,3.064805308242794e-6
10616,2.7583247774185145e-5
10617,1.532402654121397e-6
10618,5.05692875860061e-5
10619,4.597207962364191e-6
10620,9.194415924728382e-6
10621,1.0726818578849778e-5
10622,3.064805308242794e-5
10623,9.194415924728382e-6
10624,1.532402654121397e-6
10625,6.129610616485588e-6
10626,6.129610616485588e-6
10627,3.064805308242794e-6
10630,4.597207962364191e-6
10631,2.7583247774185145e-5
10632,4.597207962364191e-6
10633,3.064805308242794e-6
10634,1.0726818578849778e-5
10635,4.290727431539911e-5
10636,2.2986039811820954e-5
10637,1.532402654121397e-6
10638,4.597207962364191e-6
10639,6.129610616485588e-6
10640,2.7583247774185145e-5
10641,6.129610616485588e-6
10642,4.597207962364191e-6
10643,1.532402654121397e-6
10646,1.532402654121397e-5
10647,6.129610616485588e-6
10648,7.662013270606985e-6
10650,2.1453637157699556e-5
10652,1.532402654121397e-5
10653,2.4518442465942352e-5
10654,4.597207962364191e-6
10655,3.064805308242794e-6
10656,7.662013270606985e-6
10657,3.064805308242794e-6
10658,7.662013270606985e-6
10660,2.6050845120063747e-5
10661,1.3791623887092572e-5
10662,1.3791623887092572e-5
10663,4.045543006880488e-4
10664,1.6856429195335365e-5
10665,1.7775870787808205e-4
10666,4.597207962364191e-6
10667,6.129610616485588e-6
10668,1.532402654121397e-6
10669,9.194415924728382e-6
10670,1.0726818578849778e-5
10671,6.129610616485588e-6
10672,4.597207962364191e-6
10673,1.3791623887092572e-5
10674,4.597207962364191e-6
10675,6.129610616485588e-6
10676,1.8388831849456763e-5
10678,6.129610616485588e-6
10679,1.471106547956541e-4
10680,2.6050845120063747e-5
10681,2.9115650428306543e-5
10682,1.3791623887092572e-5
10683,4.597207962364191e-6
10684,1.2259221232971176e-5
10685,7.662013270606985e-6
10686,7.662013270606985e-6
10687,6.129610616485588e-6
10688,3.371285839067073e-5
10689,1.7162909726159645e-4
10690,1.6856429195335365e-5
10691,4.597207962364191e-6
10692,7.662013270606985e-6
10693,4.597207962364191e-6
10695,6.129610616485588e-6
10696,1.0573578313437639e-4
10697,6.129610616485588e-6
10698,1.2259221232971176e-5
10699,4.137487166127772e-5
10700,3.064805308242794e-6
10701,2.6050845120063747e-5
10702,2.4518442465942352e-5
10703,4.597207962364191e-6
10704,4.597207962364191e-6
10705,6.129610616485588e-6
10706,9.194415924728382e-5
10707,1.3791623887092572e-5
10708,6.895811943546286e-5
10709,4.597207962364191e-6
10710,3.064805308242794e-5
10711,1.6856429195335365e-5
10712,6.129610616485588e-6
10713,2.1453637157699558e-4
10714,9.194415924728382e-6
10715,1.6856429195335365e-5
10716,1.532402654121397e-6
10717,4.597207962364191e-6
10718,1.2259221232971176e-5
10719,4.597207962364191e-6
10720,6.98775610279357e-4
10721,3.064805308242794e-6
10722,1.0726818578849778e-5
10723,1.6396708399098948e-4
10724,3.064805308242794e-6
10725,1.2259221232971176e-4
10726,7.9684938014312645e-05
10727,2.1453637157699556e-5
10728,7.662013270606985e-6
10729,4.137487166127772e-5
10730,4.597207962364191e-6
10731,2.1453637157699556e-5
10732,1.532402654121397e-6
10733,4.597207962364191e-6
10734,1.8388831849456763e-5
10735,4.597207962364191e-6
10736,6.129610616485588e-6
10737,4.597207962364191e-6
10738,7.662013270606985e-6
10739,1.532402654121397e-6
10740,3.064805308242794e-6
10741,4.597207962364191e-6
10742,2.834944910124584e-4
10743,1.3791623887092572e-5
10744,7.662013270606985e-6
10745,3.064805308242794e-6
10746,5.2101690240127493e-5
10747,3.524526104479213e-5
10748,8.887935393904103e-5
10749,7.662013270606985e-6
10750,3.064805308242794e-6
10751,1.4557825214153272e-4
10752,6.129610616485588e-5
10753,3.064805308242794e-5
10754,8.734695128491963e-5
10755,1.532402654121397e-6
10756,4.597207962364191e-6
10757,2.7583247774185145e-5
10758,1.532402654121397e-6
10760,1.6856429195335365e-5
10761,4.597207962364191e-6
10762,9.194415924728382e-6
10763,1.532402654121397e-6
10764,9.194415924728382e-6
10765,7.662013270606985e-6
10766,6.129610616485588e-6
10767,4.597207962364191e-6
10768,1.0726818578849778e-5
10769,3.064805308242794e-6
10770,4.597207962364191e-6
10771,3.064805308242794e-6
10772,4.443967696952051e-5
10773,2.2373078750172396e-4
10774,1.2259221232971176e-5
10775,1.532402654121397e-6
10776,3.064805308242794e-6
10777,2.6050845120063747e-5
10778,4.137487166127772e-5
10779,9.194415924728382e-6
10780,2.4518442465942352e-5
10781,1.8388831849456763e-5
10782,1.0726818578849778e-5
10784,7.662013270606985e-6
10785,6.129610616485588e-6
10786,4.597207962364191e-5
10787,3.984246900715632e-5
10788,2.2986039811820954e-5
10789,7.662013270606985e-6
10791,6.129610616485588e-6
10792,3.984246900715632e-5
10793,1.2259221232971176e-5
10794,6.742571678134146e-5
10795,3.064805308242794e-6
10796,1.0726818578849778e-5
10797,3.064805308242794e-6
10798,3.064805308242794e-6
10799,4.597207962364191e-6
10800,3.064805308242794e-6
10801,1.8388831849456763e-5
10802,1.532402654121397e-6
10803,4.597207962364191e-6
10804,6.436091147309867e-5
10805,1.532402654121397e-6
10806,5.3634092894248895e-5
10807,1.6856429195335365e-5
10808,4.597207962364191e-6
10809,6.129610616485588e-6
10810,9.194415924728382e-6
10811,7.662013270606985e-6
10812,1.1339779640498337e-4
10813,4.597207962364191e-6
10814,3.064805308242794e-6
10815,2.589760485465161e-4
10816,2.4518442465942352e-5
10818,1.8388831849456763e-5
10819,4.597207962364191e-6
10820,1.0726818578849778e-5
10821,1.8388831849456763e-5
10822,3.064805308242794e-6
10823,6.129610616485588e-6
10824,7.662013270606985e-6
10825,7.662013270606985e-6
10826,7.815253536019124e-5
10827,3.064805308242794e-6
10828,1.8388831849456763e-5
10829,5.516649554837029e-5
10830,1.532402654121397e-6
10831,4.597207962364191e-6
10832,6.129610616485588e-6
10833,4.597207962364191e-6
10834,1.2259221232971176e-5
10835,3.064805308242794e-6
10836,3.064805308242794e-6
10837,7.662013270606985e-6
10838,1.532402654121397e-6
10839,7.662013270606985e-6
10840,1.532402654121397e-6
10841,3.064805308242794e-6
10842,4.597207962364191e-6
10843,4.597207962364191e-6
10844,3.064805308242794e-6
10846,4.597207962364191e-6
10847,2.4518442465942352e-5
10848,4.597207962364191e-6
10849,1.532402654121397e-6
10850,6.129610616485588e-6
10851,1.6856429195335365e-5
10852,1.0726818578849778e-5
10853,1.532402654121397e-6
10854,4.597207962364191e-6
10856,1.1646260171322617e-4
10857,3.064805308242794e-6
10858,5.8231300856613086e-5
10859,2.7583247774185145e-5
10860,4.597207962364191e-6
10861,2.7583247774185145e-5
10862,4.597207962364191e-6
10863,9.194415924728382e-6
10864,7.202292474370565e-5
10865,3.064805308242794e-6
10866,7.662013270606985e-6
10867,6.436091147309867e-5
10868,4.597207962364191e-6
10869,1.6856429195335365e-5
10870,6.129610616485588e-6
10871,9.194415924728382e-6
10872,6.129610616485588e-6
10873,1.2259221232971176e-5
10874,2.1300396892287416e-4
10875,6.129610616485588e-6
10876,3.371285839067073e-5
10878,1.0726818578849778e-5
10879,6.129610616485588e-6
10880,1.6856429195335365e-5
10881,1.532402654121397e-6
10882,1.6856429195335365e-5
10883,8.581454863079822e-5
10884,5.6698898202491684e-5
10885,2.2832799546408815e-4
10886,6.129610616485588e-6
10887,3.064805308242794e-6
10888,6.129610616485588e-6
10889,4.597207962364191e-6
10890,5.6698898202491684e-5
10891,1.532402654121397e-6
10892,6.129610616485588e-6
10893,5.3634092894248895e-5
10894,6.129610616485588e-6
10895,3.831006635303492e-5
10896,6.129610616485588e-6
10897,9.194415924728382e-6
10898,3.064805308242794e-6
10899,1.8388831849456763e-5
10900,1.532402654121397e-6
10901,1.8388831849456763e-5
10902,1.992123450357816e-5
10903,3.064805308242794e-6
10904,1.532402654121397e-6
10905,6.129610616485588e-6
10906,7.662013270606985e-6
10907,1.2259221232971176e-5
10908,4.597207962364191e-6
10909,1.3791623887092572e-5
10910,2.6050845120063746e-4
10911,4.597207962364191e-6
10912,3.524526104479213e-5
10913,1.2259221232971176e-5
10914,6.282850881897727e-5
10915,1.0726818578849778e-5
10916,6.129610616485588e-6
10917,4.367347564245981e-4
10918,1.0726818578849778e-5
10919,1.8082351318632483e-4
10920,6.129610616485588e-6
10921,1.992123450357816e-5
10922,2.9115650428306543e-5
10923,2.9115650428306543e-5
10924,7.662013270606985e-6
10925,9.194415924728382e-6
10926,3.064805308242794e-6
10927,3.3712858390670734e-4
10928,1.0880058844261918e-4
10929,1.532402654121397e-5
10930,4.597207962364191e-6
10931,8.443538624208897e-4
10932,1.6856429195335367e-4
10933,4.290727431539911e-5
10934,3.064805308242794e-6
10935,1.532402654121397e-6
10936,9.194415924728382e-6
10937,1.6856429195335365e-5
10938,1.532402654121397e-6
10939,2.2986039811820954e-5
10940,7.662013270606985e-6
10942,1.532402654121397e-6
10943,1.9155033176517463e-4
10944,2.9115650428306543e-5
10946,3.064805308242794e-6
10947,9.194415924728382e-6
10948,7.049052208958426e-5
10949,6.589331412722007e-5
10950,1.2259221232971176e-5
10951,3.064805308242794e-6
10952,1.532402654121397e-5
10953,3.064805308242794e-6
10954,1.532402654121397e-6
10955,2.6050845120063747e-5
10956,1.532402654121397e-6
10957,9.194415924728382e-6
10958,1.0726818578849778e-5
10959,1.2259221232971176e-5
10960,4.137487166127772e-5
10961,1.2259221232971176e-5
10962,3.064805308242794e-6
10963,7.248264553994208e-4
10964,6.129610616485588e-6
10965,1.532402654121397e-6
10966,9.194415924728382e-6
10967,7.662013270606985e-6
10969,1.992123450357816e-5
10970,7.662013270606985e-6
10971,1.3178662825444015e-4
10972,7.662013270606985e-6
10973,4.290727431539911e-5
10974,1.1033299109674058e-4
10975,4.597207962364191e-6
10976,6.129610616485588e-6
10977,7.662013270606985e-6
10978,6.129610616485588e-5
10979,3.371285839067073e-5
10981,1.992123450357816e-5
10982,4.597207962364191e-6
10983,4.137487166127772e-5
10985,4.597207962364191e-6
10986,6.129610616485588e-6
10987,6.129610616485588e-6
10988,4.597207962364191e-6
10989,1.532402654121397e-5
10990,2.6510565916300165e-4
10991,7.662013270606985e-6
10992,2.4518442465942352e-5
10993,4.597207962364191e-6
10994,1.7316149991571786e-4
10995,1.532402654121397e-6
10996,3.064805308242794e-6
10997,5.516649554837029e-5
10998,1.992123450357816e-5
10999,9.194415924728382e-6
11000,2.9115650428306543e-5
11001,1.3791623887092572e-5
11002,1.532402654121397e-6
11003,3.2180455736549336e-5
11004,2.4518442465942352e-5
11005,9.194415924728382e-6
11006,8.887935393904103e-5
11007,7.662013270606985e-6
11008,4.9036884931884704e-5
11009,2.6050845120063747e-5
11010,3.064805308242794e-6
11011,4.597207962364191e-6
11012,1.2259221232971176e-5
11013,4.597207962364191e-6
11014,7.662013270606985e-6
11017,3.064805308242794e-6
11018,4.597207962364191e-6
11019,1.0726818578849778e-5
11020,1.3025422560031873e-4
11021,4.597207962364191e-6
11022,3.831006635303492e-5
11023,3.831006635303492e-5
11024,2.6050845120063747e-5
11025,6.589331412722007e-5
11026,7.202292474370565e-5
11027,1.532402654121397e-5
11028,3.064805308242794e-6
11029,3.064805308242794e-6
11030,1.2259221232971176e-5
11031,9.96061725178908e-5
11032,7.815253536019124e-5
11033,3.524526104479213e-5
11034,7.662013270606985e-6
11035,3.2180455736549336e-5
11036,9.194415924728382e-6
11037,1.532402654121397e-5
11038,1.532402654121397e-6
11039,3.524526104479213e-5
11040,1.992123450357816e-5
11041,3.1107773878664356e-4
11042,5.05692875860061e-5
11043,2.1453637157699556e-5
11044,1.2259221232971176e-5
11045,1.992123450357816e-5
11046,2.2219838484760255e-4
11047,5.05692875860061e-5
11048,4.8423923870236145e-4
11049,3.064805308242794e-6
11050,6.129610616485588e-6
11051,1.6856429195335365e-5
11052,3.064805308242794e-5
11053,1.2259221232971176e-5
11054,3.6777663698913526e-5
11055,8.566130836538608e-4
11056,3.064805308242794e-6
11057,1.0573578313437639e-4
11058,3.86165468838592e-4
11059,2.4518442465942352e-5
11060,1.532402654121397e-6
11061,3.831006635303492e-5
11062,1.2259221232971176e-5
11063,6.129610616485588e-6
11064,4.597207962364191e-5
11065,1.532402654121397e-6
11066,7.9684938014312645e-05
11067,3.064805308242794e-6
11068,1.532402654121397e-6
11069,2.7583247774185145e-5
11070,4.597207962364191e-6
11071,2.7583247774185145e-5
11072,0.0010650198446143708
11073,1.532402654121397e-5
11074,6.129610616485588e-6
11076,1.1339779640498337e-4
11077,1.3791623887092572e-5
11078,3.2333696001961477e-4
11079,7.049052208958426e-5
11080,6.129610616485588e-6
11081,3.064805308242794e-6
11082,9.194415924728382e-6
11083,6.129610616485588e-6
11084,1.532402654121397e-6
11085,9.041175659316241e-5
11086,2.1453637157699556e-5
11087,1.532402654121397e-5
11088,2.4518442465942352e-5
11089,6.129610616485588e-6
11090,3.064805308242794e-6
11091,4.597207962364191e-6
11092,7.202292474370565e-5
11093,7.662013270606985e-6
11094,1.011385751720122e-4
11095,1.532402654121397e-6
11096,3.831006635303492e-5
11097,1.8388831849456763e-5
11098,1.532402654121397e-5
11099,5.05692875860061e-5
11100,3.064805308242794e-5
11101,3.064805308242794e-5
11102,3.2180455736549336e-5
11103,4.597207962364191e-6
11104,4.597207962364191e-6
11105,1.8388831849456763e-5
11106,1.532402654121397e-6
11107,6.129610616485588e-6
11108,2.2986039811820954e-5
11109,6.129610616485588e-6
11110,6.129610616485588e-6
11111,9.194415924728382e-6
11112,6.895811943546286e-5
11113,1.0726818578849778e-5
11114,1.0726818578849778e-5
11115,7.662013270606985e-6
11116,1.0726818578849778e-5
11117,1.532402654121397e-6
11118,1.3791623887092572e-5
11119,1.0726818578849778e-5
11120,3.064805308242794e-6
11121,9.194415924728382e-6
11122,1.532402654121397e-6
11123,6.129610616485588e-6
11124,1.532402654121397e-6
11125,3.064805308242794e-6
11126,7.662013270606985e-6
11128,9.194415924728382e-6
11129,1.3791623887092572e-5
11130,9.194415924728382e-5
11131,5.05692875860061e-5
11132,1.2565701763795454e-4
11133,1.8848552645693182e-4
11134,1.6856429195335365e-5
11135,1.0726818578849778e-5
11136,4.597207962364191e-5
11137,1.3791623887092572e-4
11138,9.194415924728382e-6
11139,1.532402654121397e-6
11140,1.532402654121397e-6
11141,3.9229507945507763e-4
11142,1.532402654121397e-6
11143,1.1339779640498337e-4
11144,9.194415924728382e-6
11146,9.194415924728382e-6
11147,2.9115650428306543e-5
11148,4.137487166127772e-5
11149,1.532402654121397e-6
11151,7.662013270606985e-6
11152,9.194415924728382e-6
11153,9.194415924728382e-6
11154,4.597207962364191e-6
11155,7.662013270606985e-6
11156,1.532402654121397e-6
11157,4.597207962364191e-6
11158,2.9115650428306543e-5
11159,6.129610616485588e-6
11160,1.3791623887092572e-5
11161,4.597207962364191e-6
11162,9.194415924728382e-6
11163,1.6856429195335365e-5
11164,2.2986039811820954e-5
11165,3.064805308242794e-6
11166,3.064805308242794e-6
11167,4.597207962364191e-6
11168,6.282850881897727e-5
11169,2.9115650428306543e-5
11170,7.662013270606985e-6
11171,3.064805308242794e-6
11172,2.1453637157699556e-5
11173,3.064805308242794e-6
11174,5.516649554837029e-5
11175,2.1606877423111697e-4
11177,6.129610616485588e-6
11178,0.00015783747337450388
11179,9.194415924728382e-6
11180,3.4172579186907153e-4
11181,2.7583247774185145e-5
11182,1.0726818578849778e-5
11183,9.194415924728382e-6
11184,3.064805308242794e-6
11185,6.129610616485588e-6
11186,2.1453637157699556e-5
11187,1.8388831849456763e-5
11188,3.064805308242794e-6
11189,4.597207962364191e-6
11190,5.2101690240127493e-5
11191,2.1453637157699556e-5
11192,4.597207962364191e-6
11193,3.2180455736549336e-5
11194,6.129610616485588e-6
11195,0.0015599859018955821
11196,7.662013270606985e-6
11198,1.532402654121397e-6
11199,1.3791623887092572e-5
11200,8.121734066843403e-5
11201,1.3791623887092572e-5
11202,3.064805308242794e-6
11203,9.807376986376941e-5
11204,3.064805308242794e-6
11205,1.6856429195335365e-5
11206,8.581454863079822e-5
11207,4.137487166127772e-5
11208,3.2180455736549336e-5
11209,2.4518442465942352e-5
11210,5.194844997471536e-4
11211,7.662013270606985e-6
11212,3.064805308242794e-6
11213,1.2259221232971176e-5
11214,1.532402654121397e-6
11215,3.831006635303492e-5
11216,1.6856429195335365e-5
11217,2.1453637157699556e-5
11218,3.064805308242794e-6
11219,3.080129334784008e-4
11220,3.064805308242794e-5
11221,6.129610616485588e-6
11222,6.129610616485588e-6
11223,1.1033299109674058e-4
11224,7.662013270606985e-6
11225,1.2259221232971176e-5
11226,1.992123450357816e-5
11228,1.992123450357816e-5
11229,7.662013270606985e-6
11230,6.129610616485588e-6
11231,1.2259221232971176e-5
11232,5.3634092894248895e-5
11233,1.6856429195335365e-5
11234,2.053419556522672e-4
11235,1.2259221232971176e-5
11236,2.3445760608057373e-4
11237,2.2986039811820954e-5
11238,5.6698898202491684e-5
11239,4.597207962364191e-6
11240,3.064805308242794e-6
11241,1.532402654121397e-5
11242,6.129610616485588e-6
11243,1.0726818578849778e-5
11244,1.532402654121397e-6
11245,9.608164641341159e-4
11246,1.532402654121397e-5
11247,5.05692875860061e-5
11248,1.532402654121397e-5
11249,3.064805308242794e-6
11250,7.248264553994208e-4
11251,6.129610616485588e-6
11252,3.064805308242794e-6
11253,7.662013270606985e-6
11254,1.532402654121397e-6
11255,1.3791623887092572e-5
11256,5.010956678976968e-4
11257,7.049052208958426e-5
11258,4.137487166127772e-5
11259,1.8388831849456763e-5
11260,5.777158006037667e-4
11261,7.662013270606985e-6
11263,9.194415924728382e-6
11264,4.290727431539911e-5
11265,7.662013270606985e-6
11266,1.532402654121397e-5
11267,6.129610616485588e-6
11268,3.064805308242794e-6
11269,1.8388831849456763e-5
11270,4.597207962364191e-6
11271,4.597207962364191e-6
11272,1.8388831849456763e-5
11273,1.0726818578849778e-5
11274,4.597207962364191e-6
11275,6.451415173851081e-4
11276,2.1147156626875278e-4
11277,1.2718942029207595e-4
11278,2.4518442465942352e-5
11279,3.064805308242794e-6
11280,3.064805308242794e-6
11281,7.202292474370565e-5
11282,1.532402654121397e-6
11283,4.597207962364191e-6
11284,4.9036884931884704e-5
11285,1.486430574497755e-4
11286,6.742571678134146e-5
11287,3.064805308242794e-5
11288,3.064805308242794e-6
11289,4.597207962364191e-6
11290,1.2259221232971176e-5
11291,3.8310066353034925e-4
11292,1.532402654121397e-6
11293,1.992123450357816e-5
11294,4.597207962364191e-6
11295,1.0726818578849778e-5
11296,3.064805308242794e-6
11297,2.4518442465942352e-5
11298,7.662013270606985e-6
11299,4.137487166127772e-5
11300,4.597207962364191e-6
11301,9.194415924728382e-6
11302,1.0726818578849778e-5
11303,1.532402654121397e-6
11304,4.597207962364191e-6
11305,1.532402654121397e-6
11306,4.597207962364191e-6
11307,0.0028502689366657983
11308,3.064805308242794e-6
11309,1.0726818578849778e-5
11310,6.068314510320732e-4
11311,6.129610616485588e-6
11312,6.129610616485588e-6
11313,2.4518442465942352e-5
11314,1.3791623887092572e-5
11315,8.811315261198033e-4
11316,9.194415924728382e-6
11317,3.064805308242794e-6
11318,4.597207962364191e-6
11319,4.597207962364191e-6
11321,3.7084144229737804e-4
11322,1.532402654121397e-6
11323,6.129610616485588e-6
11325,0.0015385322647378824
11326,3.064805308242794e-6
11327,6.129610616485588e-6
11328,1.532402654121397e-6
11329,3.064805308242794e-6
11330,3.064805308242794e-6
11331,1.992123450357816e-5
11332,1.532402654121397e-6
11333,4.597207962364191e-6
11334,3.064805308242794e-6
11335,3.064805308242794e-6
11336,1.6856429195335365e-5
11337,3.064805308242794e-6
11338,6.129610616485588e-6
11339,9.194415924728382e-6
11340,1.2259221232971176e-5
11342,6.129610616485588e-6
11343,6.129610616485588e-6
11344,6.129610616485588e-6
11345,1.2259221232971176e-5
11346,9.194415924728382e-5
11347,9.194415924728382e-6
11348,3.831006635303492e-5
11349,1.2105980967559036e-4
11350,4.597207962364191e-6
11351,8.274974332255543e-5
11352,3.2180455736549336e-5
11353,1.532402654121397e-6
11354,4.597207962364191e-6
11355,1.3791623887092572e-5
11356,4.597207962364191e-6
11357,4.597207962364191e-6
11358,4.597207962364191e-6
11359,0.0012964126453867018
11360,4.597207962364191e-6
11361,4.597207962364191e-6
11362,6.129610616485588e-6
11363,8.581454863079822e-5
11364,2.589760485465161e-4
11365,3.064805308242794e-5
11366,2.053419556522672e-4
11367,3.064805308242794e-6
11368,5.685213846790383e-4
11369,2.8196208835833705e-4
11370,4.597207962364191e-6
11371,1.8082351318632483e-4
11372,4.597207962364191e-6
11373,4.7810962808587584e-4
11374,2.9115650428306543e-5
11375,1.2105980967559036e-4
11376,2.4518442465942352e-5
11377,2.1453637157699556e-5
11378,2.2986039811820954e-5
11379,9.194415924728382e-6
11380,1.992123450357816e-5
11381,4.597207962364191e-6
11382,2.2986039811820954e-5
11383,2.4518442465942352e-5
11384,6.282850881897727e-5
11385,2.2986039811820954e-5
11386,2.9115650428306543e-5
11388,1.6856429195335365e-5
11389,3.064805308242794e-6
11390,4.597207962364191e-6
11391,4.597207962364191e-5
11392,1.3791623887092572e-5
11393,9.194415924728382e-6
11394,1.3791623887092572e-5
11395,3.524526104479213e-5
11396,9.194415924728382e-6
11397,4.597207962364191e-6
11398,1.6856429195335365e-5
11399,7.662013270606985e-6
11400,3.064805308242794e-5
11401,9.194415924728382e-6
11402,1.3791623887092572e-5
11403,9.194415924728382e-6
11404,1.532402654121397e-6
11405,4.597207962364191e-6
11406,2.6663806181712307e-4
11407,1.3791623887092572e-5
11408,1.532402654121397e-6
11409,7.662013270606985e-6
11411,0.0077371010006589335
11412,4.597207962364191e-6
11413,5.05692875860061e-5
11414,4.137487166127772e-5
11415,7.662013270606985e-6
11416,2.7736488039597286e-4
11418,6.436091147309867e-5
11419,6.129610616485588e-6
11420,6.895811943546286e-5
11421,4.597207962364191e-6
11422,7.662013270606985e-6
11423,2.7583247774185145e-5
11424,8.428214597667684e-5
11425,6.129610616485588e-6
11426,6.129610616485588e-6
11427,7.662013270606985e-6
11429,3.064805308242794e-6
11430,7.662013270606985e-6
11431,1.0726818578849778e-5
11432,7.278912607076635e-4
11433,3.831006635303492e-5
11434,1.532402654121397e-6
11435,9.194415924728382e-6
11436,1.532402654121397e-6
11437,1.532402654121397e-6
11438,1.1799500436734756e-4
11439,4.597207962364191e-6
11440,1.3791623887092572e-5
11441,6.129610616485588e-5
11442,4.597207962364191e-6
11443,3.064805308242794e-6
11444,9.194415924728382e-6
11445,6.129610616485588e-6
11446,5.05692875860061e-5
11448,1.0726818578849778e-5
11449,9.194415924728382e-6
11450,1.532402654121397e-6
11451,3.2180455736549336e-5
11452,1.5324026541213968e-4
11453,1.2259221232971176e-5
11454,6.129610616485588e-6
11455,6.129610616485588e-6
11456,1.2565701763795454e-4
11457,1.3025422560031873e-4
11458,7.662013270606985e-6
11459,6.773219731216574e-4
11460,0.0020166418928237585
11461,8.02978990759612e-4
11462,1.3791623887092572e-5
11463,6.129610616485588e-6
11464,2.834944910124584e-4
11465,9.194415924728382e-6
11466,7.662013270606985e-6
11467,3.524526104479213e-5
11469,1.3791623887092572e-5
11470,3.064805308242794e-6
11471,4.597207962364191e-6
11472,9.041175659316241e-5
11473,3.064805308242794e-6
11474,0.0020350307246732153
11475,4.597207962364191e-6
11476,1.6703188929923226e-4
11477,7.662013270606985e-6
11478,2.513140352759091e-4
11479,1.8388831849456763e-5
11480,5.2101690240127493e-5
11481,8.734695128491963e-5
11482,5.05692875860061e-5
11483,5.225493050553964e-4
11484,6.436091147309867e-5
11485,4.597207962364191e-6
11486,1.93082734419296e-4
11487,1.0726818578849778e-5
11488,9.194415924728382e-6
11489,3.524526104479213e-5
11490,4.597207962364191e-6
11491,3.064805308242794e-6
11492,1.532402654121397e-5
11493,1.2259221232971176e-5
11494,3.064805308242794e-6
11495,1.6856429195335365e-5
11496,4.597207962364191e-6
11497,1.532402654121397e-6
11498,1.532402654121397e-6
11499,1.532402654121397e-6
11500,2.1453637157699556e-5
11501,7.662013270606985e-6
11502,7.662013270606985e-6
11503,1.6856429195335365e-5
11504,1.1493019905910477e-4
11505,7.662013270606985e-6
11507,4.597207962364191e-6
11508,1.532402654121397e-6
11509,4.397995617328409e-4
11510,6.282850881897727e-5
11511,1.593698760286253e-4
11512,7.662013270606985e-6
11513,4.597207962364191e-6
11514,4.597207962364191e-6
11515,1.0726818578849778e-5
11516,7.202292474370565e-5
11517,7.662013270606985e-6
11518,9.194415924728382e-6
11519,1.532402654121397e-6
11520,1.532402654121397e-6
11521,1.2259221232971176e-5
11522,3.064805308242794e-6
11523,2.1453637157699556e-5
11524,1.0420338048025499e-4
11525,4.597207962364191e-6
11526,2.6970286712536584e-4
11527,1.3791623887092572e-5
11528,2.2986039811820954e-5
11529,6.129610616485588e-6
11530,1.3791623887092572e-5
11531,1.8388831849456763e-5
11532,4.597207962364191e-6
11533,4.597207962364191e-6
11534,3.064805308242794e-6
11535,2.4518442465942352e-5
11536,1.2259221232971176e-5
11537,9.194415924728382e-6
11538,1.8388831849456763e-5
11539,3.064805308242794e-6
11540,1.532402654121397e-6
11541,1.532402654121397e-6
11542,1.8388831849456763e-5
11543,7.049052208958426e-5
11544,6.129610616485588e-6
11545,3.064805308242794e-6
11546,2.6050845120063747e-5
11547,3.064805308242794e-6
11548,1.0726818578849778e-5
11549,5.05692875860061e-5
11551,4.597207962364191e-6
11552,1.532402654121397e-5
11553,3.064805308242794e-6
11554,7.662013270606985e-6
11555,1.532402654121397e-6
11556,4.597207962364191e-6
11558,3.064805308242794e-6
11559,1.8388831849456763e-5
11560,1.532402654121397e-5
11561,1.6856429195335365e-5
11562,4.597207962364191e-6
11563,3.064805308242794e-6
11564,1.3791623887092572e-5
11565,1.6856429195335365e-5
11566,4.597207962364191e-6
11567,4.597207962364191e-6
11568,7.662013270606985e-6
11569,1.532402654121397e-6
11570,2.7583247774185145e-5
11571,1.532402654121397e-5
11572,2.7583247774185145e-5
11573,7.662013270606985e-6
11574,9.194415924728382e-6
11575,2.9115650428306543e-5
11576,3.064805308242794e-6
11577,3.831006635303492e-5
11578,7.662013270606985e-6
11579,6.129610616485588e-6
11580,1.593698760286253e-4
11581,1.2259221232971176e-5
11582,8.274974332255543e-5
11583,1.3791623887092572e-5
11585,8.887935393904103e-5
11586,3.064805308242794e-6
11587,3.064805308242794e-6
11588,9.041175659316241e-5
11589,7.662013270606985e-6
11590,1.2259221232971176e-5
11591,1.532402654121397e-6
11592,6.129610616485588e-6
11593,2.4518442465942352e-5
11594,7.662013270606985e-6
11595,3.064805308242794e-6
11596,3.064805308242794e-6
11597,3.064805308242794e-5
11598,6.129610616485588e-6
11599,9.194415924728382e-6
11600,4.9036884931884704e-5
11601,1.3791623887092572e-5
11602,7.662013270606985e-6
11603,3.064805308242794e-6
11604,4.597207962364191e-6
11605,1.532402654121397e-5
11606,6.129610616485588e-6
11608,1.532402654121397e-6
11609,1.532402654121397e-6
11610,7.662013270606985e-6
11611,3.064805308242794e-6
11612,6.129610616485588e-6
11613,7.662013270606985e-6
11614,1.3791623887092572e-5
11615,7.662013270606985e-6
11616,4.597207962364191e-6
11617,1.0726818578849778e-5
11618,4.597207962364191e-6
11619,1.532402654121397e-6
11620,3.064805308242794e-6
11621,4.597207962364191e-6
11622,7.662013270606985e-6
11623,1.976799423816602e-4
11624,9.194415924728382e-6
11625,1.0726818578849778e-5
11626,7.662013270606985e-6
11627,6.129610616485588e-6
11628,3.064805308242794e-6
11629,4.2754034049986974e-4
11630,1.0726818578849778e-5
11632,9.194415924728382e-6
11633,7.662013270606985e-6
11634,3.2180455736549336e-5
11635,5.976370351073448e-5
11636,2.4518442465942352e-5
11637,2.2986039811820954e-5
11638,1.2259221232971176e-5
11639,5.2101690240127493e-5
11641,6.129610616485588e-6
11642,4.597207962364191e-6
11644,3.064805308242794e-6
11645,3.432581945231929e-4
11646,1.532402654121397e-5
11647,1.8848552645693182e-4
11648,4.597207962364191e-6
11649,7.662013270606985e-6
11650,1.8388831849456763e-5
11651,1.3791623887092572e-5
11652,5.486001501754601e-4
11653,3.064805308242794e-5
11654,3.064805308242794e-6
11655,7.662013270606985e-6
11656,1.532402654121397e-5
11657,1.2259221232971176e-5
11658,9.194415924728382e-6
11659,4.597207962364191e-6
11660,2.3752241138881653e-4
11661,9.194415924728382e-6
11662,6.129610616485588e-6
11663,3.064805308242794e-6
11664,9.50089645555266e-5
11665,1.6856429195335365e-5
11666,1.532402654121397e-6
11667,4.597207962364191e-6
11668,4.597207962364191e-6
11669,2.2986039811820954e-5
11670,6.129610616485588e-6
11671,4.597207962364191e-6
11672,3.064805308242794e-6
11673,1.532402654121397e-5
11674,1.3638383621680434e-4
11675,3.064805308242794e-6
11676,2.1300396892287416e-4
11677,1.946151370734174e-4
11678,2.528464379300305e-4
11679,3.064805308242794e-6
11680,7.202292474370565e-5
11681,1.6856429195335365e-5
11682,3.2180455736549336e-5
11683,8.581454863079822e-5
11684,2.4518442465942352e-5
11686,6.129610616485588e-6
11687,7.662013270606985e-6
11688,3.984246900715632e-5
11689,4.597207962364191e-6
11691,2.4518442465942352e-5
11692,4.597207962364191e-6
11693,3.064805308242794e-6
11694,9.194415924728382e-6
11695,7.662013270606985e-6
11697,1.532402654121397e-6
11698,4.597207962364191e-6
11699,4.597207962364191e-6
11700,6.129610616485588e-6
11701,4.597207962364191e-6
11702,1.532402654121397e-6
11703,9.194415924728382e-5
11704,1.0726818578849778e-5
11705,3.064805308242794e-6
11706,3.6777663698913526e-5
11707,6.129610616485588e-6
11708,7.662013270606985e-6
11710,1.532402654121397e-6
11711,1.6856429195335365e-5
11712,6.129610616485588e-6
11713,6.129610616485588e-6
11714,3.064805308242794e-6
11715,1.3791623887092572e-5
11716,1.532402654121397e-6
11717,3.064805308242794e-6
11718,4.597207962364191e-6
11719,6.742571678134146e-5
11720,1.8388831849456763e-5
11721,6.129610616485588e-6
11722,1.0726818578849778e-5
11723,7.662013270606985e-6
11724,4.597207962364191e-6
11725,1.2259221232971176e-5
11726,2.6970286712536584e-4
11727,1.0726818578849778e-5
11728,3.064805308242794e-6
11729,4.597207962364191e-6
11730,2.9115650428306544e-4
11731,6.129610616485588e-6
11732,4.597207962364191e-6
11733,3.984246900715632e-5
11734,3.064805308242794e-6
11735,2.9115650428306543e-5
11736,1.532402654121397e-5
11737,3.064805308242794e-6
11738,3.968922874174418e-4
11739,3.064805308242794e-6
11740,1.532402654121397e-6
11741,1.0726818578849778e-5
11742,6.129610616485588e-6
11743,1.992123450357816e-5
11744,9.194415924728382e-6
11745,6.129610616485588e-6
11746,1.532402654121397e-6
11747,6.129610616485588e-6
11748,1.532402654121397e-6
11749,1.532402654121397e-6
11750,1.532402654121397e-6
11751,6.129610616485588e-6
11752,2.2986039811820954e-5
11753,1.2259221232971176e-5
11754,1.2259221232971176e-5
11755,1.3791623887092572e-5
11756,6.129610616485588e-6
11757,4.137487166127772e-5
11758,1.2259221232971176e-5
11759,1.1646260171322617e-4
11760,5.3634092894248895e-5
11761,9.194415924728382e-6
11762,1.3791623887092572e-5
11763,7.370856766323919e-4
11764,9.194415924728382e-6
11765,3.064805308242794e-6
11766,1.1339779640498337e-4
11767,3.064805308242794e-6
11768,5.3634092894248895e-5
11769,3.003509202077938e-4
11770,3.064805308242794e-6
11771,3.524526104479213e-5
11772,1.2259221232971176e-5
11773,1.6856429195335365e-5
11774,4.443967696952051e-5
11775,4.597207962364191e-6
11776,4.597207962364191e-6
11777,4.597207962364191e-6
11778,6.129610616485588e-6
11779,1.2259221232971176e-5
11780,4.597207962364191e-6
11781,7.662013270606985e-6
11782,3.6777663698913526e-5
11783,8.274974332255543e-5
11784,8.581454863079822e-5
11785,4.597207962364191e-6
11786,7.662013270606985e-6
11787,4.597207962364191e-6
11788,3.064805308242794e-6
11789,2.4518442465942352e-5
11790,4.597207962364191e-6
11791,4.597207962364191e-6
11792,2.4518442465942352e-5
11793,2.4518442465942352e-5
11794,1.532402654121397e-6
11796,3.524526104479213e-5
11797,3.064805308242794e-6
11798,4.597207962364191e-6
11799,3.064805308242794e-6
11800,2.7583247774185145e-5
11801,2.1453637157699556e-5
11802,1.3791623887092572e-5
11803,1.532402654121397e-5
11804,1.532402654121397e-6
11805,6.129610616485588e-6
11806,1.0726818578849778e-5
11807,1.6856429195335365e-5
11808,3.064805308242794e-6
11809,1.532402654121397e-6
11810,1.3791623887092572e-5
11811,4.597207962364191e-6
11812,4.597207962364191e-6
11813,2.620408538547589e-4
11814,1.0726818578849778e-5
11815,1.532402654121397e-6
11816,2.3752241138881653e-4
11817,3.064805308242794e-6
11818,6.895811943546286e-5
11819,5.05692875860061e-5
11821,6.129610616485588e-6
11822,6.129610616485588e-6
11823,2.482492299676663e-4
11824,4.137487166127772e-5
11825,6.129610616485588e-6
11826,6.589331412722007e-5
11827,3.6777663698913526e-5
11828,9.194415924728382e-6
11829,3.064805308242794e-6
11830,1.2259221232971176e-5
11831,0.00015783747337450388
11832,4.597207962364191e-6
11833,2.3752241138881653e-4
11834,3.064805308242794e-6
11835,9.194415924728382e-6
11836,1.1493019905910477e-4
11837,1.8388831849456763e-5
11838,7.202292474370565e-5
11839,2.2679559280996674e-4
11840,7.662013270606985e-6
11841,7.049052208958426e-5
11842,3.064805308242794e-6
11843,4.443967696952051e-5
11844,4.597207962364191e-6
11845,1.2259221232971176e-5
11846,2.620408538547589e-4
11847,3.371285839067073e-5
11848,7.662013270606985e-6
11849,1.3791623887092572e-5
11850,8.428214597667684e-5
11851,1.532402654121397e-6
11852,6.129610616485588e-6
11853,4.597207962364191e-6
11854,3.064805308242794e-6
11855,1.2259221232971176e-5
11856,3.907626768009562e-4
11857,7.662013270606984e-5
11858,3.064805308242794e-6
11859,4.137487166127772e-5
11860,6.129610616485588e-6
11861,3.831006635303492e-5
11862,1.3791623887092572e-5
11863,1.992123450357816e-5
11864,1.2259221232971176e-4
11865,2.2986039811820954e-5
11866,7.662013270606985e-6
11867,3.064805308242794e-6
11868,6.129610616485588e-5
11869,4.597207962364191e-6
11870,1.532402654121397e-6
11871,1.532402654121397e-6
11872,2.9115650428306543e-5
11873,4.597207962364191e-6
11874,4.597207962364191e-6
11875,3.2180455736549336e-5
11876,6.129610616485588e-6
11877,1.532402654121397e-6
11878,1.0726818578849778e-5
11879,6.129610616485588e-6
11880,1.0726818578849778e-5
11881,7.662013270606985e-6
11882,2.6050845120063747e-5
11883,4.597207962364191e-6
11884,1.3791623887092572e-5
11885,1.532402654121397e-5
11886,3.064805308242794e-6
11888,2.7583247774185145e-5
11889,4.290727431539911e-5
11890,3.064805308242794e-6
11891,1.2259221232971176e-5
11892,1.532402654121397e-5
11893,1.0726818578849778e-5
11894,4.597207962364191e-6
11895,6.129610616485588e-6
11896,1.2259221232971176e-5
11897,1.3791623887092572e-5
11898,4.597207962364191e-6
11899,4.597207962364191e-6
11900,1.0726818578849778e-5
11901,1.7009669460747506e-4
11902,9.347656190140522e-5
11903,4.597207962364191e-6
11904,1.517078627580183e-4
11905,1.6856429195335365e-5
11906,1.532402654121397e-5
11907,4.060867033421702e-4
11908,1.7009669460747506e-4
11909,4.597207962364191e-5
11911,2.7583247774185145e-5
11912,1.532402654121397e-5
11913,7.662013270606985e-6
11914,1.6856429195335365e-5
11915,9.194415924728382e-5
11916,7.662013270606985e-6
11917,1.6856429195335367e-4
11918,1.0726818578849778e-5
11919,1.6856429195335365e-5
11921,5.3634092894248895e-5
11922,6.436091147309867e-5
11923,3.524526104479213e-5
11924,4.597207962364191e-6
11925,2.4518442465942352e-5
11926,1.2259221232971176e-5
11927,3.064805308242794e-6
11928,1.532402654121397e-6
11929,2.4518442465942352e-5
11930,1.532402654121397e-6
11931,4.597207962364191e-6
11932,4.1374871661277717e-4
11933,4.597207962364191e-6
11934,1.6856429195335365e-5
11935,3.064805308242794e-6
11936,7.662013270606985e-6
11937,3.064805308242794e-6
11938,1.532402654121397e-6
11939,2.6050845120063746e-4
11940,4.597207962364191e-6
11941,5.516649554837029e-5
11942,6.129610616485588e-6
11943,5.2101690240127493e-5
11944,1.8388831849456763e-5
11945,7.662013270606985e-6
11946,5.2101690240127493e-5
11947,9.194415924728382e-6
11948,6.129610616485588e-6
11949,1.0726818578849778e-5
11950,1.2259221232971176e-5
11951,1.0726818578849778e-5
11952,7.662013270606985e-6
11953,7.662013270606984e-5
11954,1.8388831849456763e-5
11955,1.532402654121397e-5
11956,3.064805308242794e-6
11957,2.7583247774185145e-5
11958,6.129610616485588e-6
11959,7.232940527452993e-4
11960,3.095453361325222e-4
11961,5.8231300856613086e-5
11962,2.2986039811820954e-5
11963,7.508773005194845e-5
11964,7.662013270606985e-6
11965,4.137487166127772e-5
11966,1.6856429195335365e-5
11967,6.129610616485588e-6
11968,1.532402654121397e-6
11969,6.895811943546286e-5
11970,1.3791623887092572e-5
11971,1.3791623887092572e-5
11972,6.129610616485588e-6
11973,1.563050707203825e-4
11974,6.129610616485588e-6
11975,6.129610616485588e-6
11976,0.004626323612792497
11977,2.7583247774185145e-5
11978,8.428214597667684e-5
11979,9.194415924728382e-6
11980,1.992123450357816e-5
11981,1.532402654121397e-6
11982,1.3791623887092572e-5
11983,9.194415924728382e-6
11984,1.532402654121397e-5
11985,7.9684938014312645e-05
11986,6.129610616485588e-6
11987,5.3634092894248895e-5
11988,1.0726818578849778e-5
11989,5.3634092894248895e-5
11990,1.532402654121397e-6
11991,1.0726818578849778e-5
11992,6.129610616485588e-6
11993,1.0726818578849778e-5
11994,7.662013270606985e-6
11995,1.3791623887092572e-5
11996,3.064805308242794e-6
11997,0.00015783747337450388
11998,1.6856429195335365e-5
11999,6.129610616485588e-6
12001,9.194415924728382e-6
12002,1.532402654121397e-5
12003,1.2259221232971176e-5
12004,1.532402654121397e-6
12005,2.2986039811820954e-5
12006,3.064805308242794e-5
12007,1.532402654121397e-6
12008,4.75044822777633e-5
12009,7.508773005194845e-5
12010,6.129610616485588e-6
12011,8.734695128491963e-5
12012,3.064805308242794e-6
12013,1.8388831849456763e-5
12014,4.75044822777633e-5
12016,3.984246900715632e-4
12017,6.895811943546286e-5
12018,2.7583247774185145e-5
12019,6.436091147309867e-5
12020,2.1147156626875278e-4
12021,2.0840676096050997e-4
12022,1.8388831849456763e-5
12023,2.1453637157699556e-5
12025,1.3791623887092572e-5
12026,1.532402654121397e-6
12028,1.3178662825444015e-4
12029,1.532402654121397e-5
12030,7.662013270606985e-6
12031,2.2986039811820954e-5
12032,9.194415924728382e-6
12033,6.129610616485588e-6
12034,1.992123450357816e-5
12035,1.0726818578849778e-5
12036,4.597207962364191e-6
12037,7.662013270606985e-6
12038,3.064805308242794e-6
12039,3.064805308242794e-6
12040,9.194415924728382e-6
12041,1.8388831849456763e-5
12042,1.6856429195335365e-5
12044,1.532402654121397e-5
12045,1.532402654121397e-5
12046,4.597207962364191e-6
12047,1.532402654121397e-6
12048,7.662013270606985e-6
12049,3.064805308242794e-6
12050,1.8388831849456763e-5
12051,6.129610616485588e-6
12053,3.831006635303492e-5
12054,1.532402654121397e-6
12055,1.532402654121397e-5
12056,1.2259221232971176e-5
12057,1.8388831849456763e-5
12058,3.064805308242794e-6
12059,3.064805308242794e-6
12060,1.532402654121397e-6
12061,9.194415924728382e-5
12062,5.470677475213387e-4
12063,2.7583247774185145e-5
12064,9.50089645555266e-5
12065,3.831006635303492e-5
12066,2.6050845120063747e-5
12067,6.129610616485588e-6
12068,2.4518442465942352e-5
12069,6.129610616485588e-6
12071,1.3791623887092572e-5
12072,2.7583247774185145e-5
12073,2.1606877423111697e-4
12074,3.064805308242794e-6
12075,1.1646260171322617e-4
12076,3.064805308242794e-6
12077,7.662013270606985e-6
12078,3.064805308242794e-6
12079,5.976370351073448e-5
12080,4.597207962364191e-6
12081,5.2101690240127493e-5
12082,1.6856429195335365e-5
12083,6.129610616485588e-6
12084,4.9036884931884704e-5
12085,3.524526104479213e-5
12086,7.662013270606985e-6
12087,4.597207962364191e-6
12088,2.7583247774185145e-5
12089,5.976370351073448e-5
12090,3.064805308242794e-6
12091,7.033728182417212e-4
12092,4.597207962364191e-6
12093,3.064805308242794e-6
12094,7.662013270606985e-6
12095,5.516649554837029e-5
12096,3.064805308242794e-6
12097,4.1681352192101995e-4
12098,3.064805308242794e-6
12099,1.532402654121397e-6
12100,2.7583247774185145e-5
12101,1.6856429195335365e-5
12102,6.129610616485588e-6
12103,3.064805308242794e-6
12105,6.129610616485588e-6
12106,7.662013270606985e-6
12107,1.6856429195335365e-5
12108,3.064805308242794e-6
12109,1.532402654121397e-5
12110,1.992123450357816e-5
12111,1.6856429195335365e-5
12112,9.194415924728382e-6
12113,1.532402654121397e-6
12114,3.064805308242794e-6
12115,6.129610616485588e-6
12116,3.064805308242794e-6
12117,1.532402654121397e-6
12118,3.2180455736549336e-5
12119,4.597207962364191e-6
12120,9.194415924728382e-6
12121,3.064805308242794e-6
12122,6.129610616485588e-6
12123,1.992123450357816e-5
12124,2.7583247774185145e-5
12125,4.597207962364191e-6
12126,3.2486936267373613e-4
12127,2.7583247774185145e-5
12128,3.478554024855571e-4
12129,6.129610616485588e-6
12130,4.597207962364191e-6
12131,9.194415924728382e-6
12132,9.347656190140522e-5
12133,3.6777663698913526e-5
12134,3.064805308242794e-6
12135,9.194415924728382e-6
12136,1.532402654121397e-6
12137,1.532402654121397e-6
12139,1.532402654121397e-6
12140,1.0726818578849778e-5
12141,6.129610616485588e-6
12142,9.194415924728382e-6
12143,1.0726818578849778e-5
12144,1.992123450357816e-5
12145,4.597207962364191e-6
12146,6.129610616485588e-6
12147,1.532402654121397e-6
12148,1.992123450357816e-5
12149,1.0726818578849778e-5
12150,7.662013270606985e-6
12151,3.064805308242794e-6
12152,1.0726818578849778e-5
12153,1.532402654121397e-6
12154,6.436091147309867e-5
12155,4.597207962364191e-6
12156,7.662013270606985e-6
12157,4.597207962364191e-6
12158,6.129610616485588e-5
12159,4.597207962364191e-6
12160,6.895811943546286e-5
12161,6.129610616485588e-6
12162,7.662013270606985e-6
12163,1.0726818578849779e-4
12164,1.1186539375086198e-4
12165,6.129610616485588e-6
12166,6.129610616485588e-6
12167,3.064805308242794e-6
12168,6.129610616485588e-6
12169,2.2986039811820954e-5
12170,1.3791623887092572e-5
12171,7.662013270606985e-6
12172,4.597207962364191e-6
12173,6.129610616485588e-6
12174,1.3331903090856153e-4
12175,6.129610616485588e-6
12176,4.290727431539911e-5
12177,6.129610616485588e-6
12178,4.597207962364191e-6
12179,6.129610616485588e-6
12180,1.532402654121397e-6
12181,1.2872182294619734e-4
12182,1.992123450357816e-5
12183,7.907197695266408e-4
12184,5.516649554837029e-5
12185,1.3791623887092572e-5
12186,3.064805308242794e-6
12187,1.532402654121397e-5
12188,1.6856429195335365e-5
12189,1.8388831849456763e-5
12190,3.2333696001961477e-4
12192,1.532402654121397e-6
12193,4.597207962364191e-6
12194,4.597207962364191e-6
12195,2.7583247774185145e-5
12196,1.532402654121397e-6
12197,3.064805308242794e-6
12198,5.976370351073448e-5
12199,3.064805308242794e-6
12200,1.532402654121397e-6
12201,4.443967696952051e-5
12202,6.129610616485588e-6
12203,4.597207962364191e-6
12204,3.2180455736549336e-5
12205,1.532402654121397e-6
12206,6.129610616485588e-6
12208,1.471106547956541e-4
12209,2.2986039811820954e-5
12211,4.597207962364191e-6
12212,6.129610616485588e-5
12213,3.064805308242794e-6
12214,1.3791623887092572e-5
12215,7.662013270606985e-6
12216,7.662013270606985e-6
12217,1.026709778261336e-4
12218,6.129610616485588e-6
12219,4.137487166127772e-5
12220,4.597207962364191e-6
12221,6.129610616485588e-6
12222,2.3139280077233093e-4
12223,2.4518442465942352e-5
12224,1.8388831849456763e-5
12225,3.1567494674900775e-4
12226,8.903259420445317e-4
12227,9.194415924728382e-6
12228,4.597207962364191e-6
12229,1.532402654121397e-6
12230,5.2101690240127493e-5
12231,1.0726818578849778e-5
12232,4.597207962364191e-6
12233,1.532402654121397e-6
12234,4.597207962364191e-6
12235,7.662013270606985e-6
12236,1.532402654121397e-6
12237,1.532402654121397e-6
12238,3.6777663698913526e-5
12239,3.064805308242794e-6
12240,1.2259221232971176e-5
12241,4.597207962364191e-6
12242,3.984246900715632e-5
12243,3.064805308242794e-6
12244,7.662013270606985e-6
12245,3.064805308242794e-6
12246,1.532402654121397e-6
12247,9.194415924728382e-6
12248,3.463229998314357e-4
12249,2.1760117688523836e-4
12250,1.992123450357816e-5
12251,3.12610141440765e-4
12252,2.7583247774185145e-5
12253,1.532402654121397e-6
12254,3.064805308242794e-5
12255,1.0726818578849778e-5
12256,9.50089645555266e-5
12257,1.2259221232971176e-5
12258,4.597207962364191e-6
12259,5.2101690240127493e-5
12260,3.064805308242794e-6
12261,7.662013270606985e-6
12262,4.597207962364191e-6
12263,6.129610616485588e-6
12264,1.3791623887092572e-5
12265,1.8388831849456763e-5
12266,1.532402654121397e-6
12267,1.2259221232971176e-5
12268,3.064805308242794e-6
12269,6.129610616485588e-6
12270,1.7009669460747506e-4
12271,9.96061725178908e-5
12272,6.129610616485588e-6
12273,4.597207962364191e-6
12274,3.064805308242794e-6
12275,1.532402654121397e-5
12276,3.371285839067073e-5
12277,4.597207962364191e-6
12279,6.129610616485588e-6
12280,6.129610616485588e-6
12281,1.0726818578849778e-5
12282,1.532402654121397e-6
12283,1.3791623887092572e-5
12284,4.597207962364191e-6
12285,1.532402654121397e-6
12286,3.064805308242794e-6
12287,2.4518442465942352e-5
12288,6.129610616485588e-6
12289,2.1453637157699556e-5
12290,2.9115650428306544e-4
12293,2.2986039811820954e-5
12294,1.532402654121397e-5
12295,6.129610616485588e-6
12296,1.0726818578849778e-5
12297,4.443967696952051e-5
12298,7.662013270606985e-6
12299,7.662013270606985e-6
12300,4.137487166127772e-5
12301,1.394486415250471e-4
12302,4.597207962364191e-6
12303,1.3791623887092572e-5
12304,4.9036884931884704e-5
12305,2.7583247774185145e-5
12306,3.064805308242794e-6
12307,2.9115650428306543e-5
12308,1.8388831849456763e-5
12309,1.2259221232971176e-5
12310,1.992123450357816e-5
12311,4.597207962364191e-6
12312,3.064805308242794e-6
12313,1.486430574497755e-4
12314,1.532402654121397e-5
12315,1.6856429195335365e-5
12316,1.532402654121397e-6
12317,3.064805308242794e-6
12318,1.3791623887092572e-5
12319,4.597207962364191e-6
12320,3.984246900715632e-5
12321,9.50089645555266e-5
12322,1.3791623887092572e-5
12323,7.662013270606985e-6
12324,1.532402654121397e-6
12325,1.532402654121397e-6
12326,1.532402654121397e-6
12327,6.129610616485588e-6
12328,3.064805308242794e-6
12329,6.129610616485588e-6
12330,2.7583247774185145e-5
12331,6.129610616485588e-6
12333,1.532402654121397e-6
12334,4.597207962364191e-6
12335,1.2259221232971176e-5
12336,5.2101690240127493e-5
12337,6.420767120768654e-4
12338,3.984246900715632e-5
12339,1.2259221232971176e-5
12340,5.976370351073448e-5
12341,6.129610616485588e-6
12342,7.662013270606985e-6
12343,4.597207962364191e-6
12344,6.129610616485588e-6
12345,1.547726680662611e-4
12346,3.064805308242794e-6
12347,4.306051458081125e-4
12348,1.3791623887092572e-5
12349,1.0726818578849778e-5
12350,3.064805308242794e-6
12351,4.597207962364191e-6
12352,0.001351579140935072
12353,7.662013270606985e-6
12355,6.589331412722007e-5
12356,6.129610616485588e-6
12357,4.597207962364191e-6
12358,3.371285839067073e-5
12359,4.597207962364191e-6
12360,1.992123450357816e-5
12361,1.0726818578849778e-5
12362,3.064805308242794e-6
12363,2.9115650428306543e-5
12364,9.194415924728382e-6
12365,7.662013270606985e-6
12366,6.129610616485588e-6
12368,3.064805308242794e-6
12369,1.8388831849456763e-5
12370,1.0726818578849778e-5
12371,1.3791623887092572e-5
12372,1.0726818578849778e-5
12373,7.662013270606985e-6
12374,1.532402654121397e-6
12375,0.0014419908975282344
12376,2.2986039811820954e-5
12377,1.471106547956541e-4
12378,0.0017622630522396065
12379,3.064805308242794e-6
12380,3.064805308242794e-6
12381,1.6856429195335365e-5
12382,3.064805308242794e-6
12383,4.597207962364191e-6
12384,6.129610616485588e-6
12385,1.532402654121397e-6
12386,3.6777663698913526e-5
12387,6.129610616485588e-6
12388,1.3791623887092572e-5
12389,3.064805308242794e-6
12390,5.05692875860061e-5
12391,3.524526104479213e-5
12392,1.532402654121397e-6
12393,1.2259221232971176e-5
12394,4.597207962364191e-6
12395,7.662013270606985e-6
12396,1.8388831849456763e-5
12397,9.194415924728382e-6
12398,1.992123450357816e-5
12399,6.129610616485588e-6
12400,4.597207962364191e-6
12401,1.0726818578849778e-5
12402,1.532402654121397e-6
12404,9.194415924728382e-6
12405,4.597207962364191e-6
12406,1.992123450357816e-5
12407,6.129610616485588e-6
12408,1.2259221232971176e-5
12409,1.532402654121397e-6
12410,7.662013270606985e-6
12411,4.597207962364191e-6
12412,6.129610616485588e-6
12413,4.597207962364191e-6
12414,4.597207962364191e-6
12415,4.597207962364191e-6
12416,1.2259221232971176e-5
12417,4.597207962364191e-6
12418,4.597207962364191e-6
12419,1.532402654121397e-6
12420,7.662013270606985e-6
12421,3.064805308242794e-6
12422,9.776728933294512e-4
12423,5.516649554837029e-5
12424,3.524526104479213e-5
12425,7.662013270606985e-6
12427,7.662013270606985e-6
12428,4.597207962364191e-6
12429,1.532402654121397e-6
12430,9.194415924728382e-6
12431,3.984246900715632e-5
12432,1.0726818578849778e-5
12433,1.532402654121397e-6
12434,4.597207962364191e-6
12435,4.597207962364191e-6
12436,4.597207962364191e-6
12437,9.194415924728382e-6
12438,8.887935393904103e-5
12439,1.0726818578849778e-5
12440,1.2259221232971176e-5
12441,3.064805308242794e-6
12442,3.064805308242794e-6
12443,2.1453637157699556e-5
12444,1.3791623887092572e-5
12445,4.597207962364191e-6
12446,1.0726818578849778e-5
12447,1.532402654121397e-6
12448,4.597207962364191e-6
12449,4.597207962364191e-6
12450,1.2259221232971176e-5
12451,7.662013270606985e-6
12452,3.064805308242794e-6
12453,3.064805308242794e-6
12454,1.2872182294619734e-4
12455,1.3791623887092572e-5
12456,7.662013270606985e-6
12457,1.532402654121397e-6
12458,1.3791623887092572e-5
12459,7.662013270606985e-6
12460,8.581454863079822e-5
12461,6.129610616485588e-6
12462,1.0726818578849778e-5
12463,2.6050845120063747e-5
12464,1.992123450357816e-5
12465,3.064805308242794e-6
12466,3.064805308242794e-6
12467,1.532402654121397e-6
12468,4.597207962364191e-6
12469,1.532402654121397e-6
12470,2.4518442465942352e-5
12471,5.8231300856613086e-5
12472,7.662013270606985e-6
12473,7.508773005194845e-5
12474,1.2259221232971176e-5
12475,3.064805308242794e-6
12476,4.597207962364191e-6
12477,4.597207962364191e-6
12478,1.532402654121397e-6
12479,1.2259221232971176e-5
12480,3.064805308242794e-6
12481,1.532402654121397e-6
12482,2.4518442465942352e-5
12483,4.597207962364191e-6
12484,3.064805308242794e-6
12485,4.75044822777633e-5
12487,3.064805308242794e-6
12488,6.129610616485588e-6
12489,6.282850881897727e-5
12490,5.976370351073448e-5
12491,9.807376986376941e-5
12492,1.532402654121397e-5
12493,6.129610616485588e-6
12494,7.662013270606985e-6
12495,2.9115650428306543e-5
12496,1.532402654121397e-6
12497,1.0726818578849779e-4
12498,1.532402654121397e-6
12499,1.0726818578849778e-5
12500,6.129610616485588e-6
12501,0.0014251344683328991
12502,0.001255037773725424
12503,7.662013270606985e-6
12504,8.274974332255543e-5
12505,7.662013270606984e-5
12506,1.3791623887092572e-5
12507,1.532402654121397e-5
12508,3.6777663698913526e-5
12509,1.7622630522396064e-4
12510,9.194415924728382e-5
12511,4.597207962364191e-6
12512,0.001540064667392004
12513,3.064805308242794e-6
12514,3.064805308242794e-6
12515,4.597207962364191e-6
12516,1.2259221232971176e-5
12517,3.371285839067073e-5
12518,7.662013270606985e-6
12519,3.064805308242794e-6
12520,4.597207962364191e-6
12522,4.597207962364191e-6
12523,7.662013270606985e-6
12524,6.129610616485588e-6
12525,1.3791623887092572e-5
12526,1.8388831849456763e-5
12527,3.064805308242794e-6
12528,7.662013270606985e-6
12529,1.0726818578849778e-5
12530,3.064805308242794e-6
12531,1.532402654121397e-6
12532,7.662013270606984e-5
12533,3.064805308242794e-6
12535,1.532402654121397e-6
12536,1.992123450357816e-5
12537,4.597207962364191e-6
12539,1.532402654121397e-6
12540,1.3791623887092572e-5
12541,9.194415924728382e-6
12542,4.597207962364191e-6
12543,3.064805308242794e-6
12544,1.532402654121397e-5
12545,1.532402654121397e-5
12546,1.532402654121397e-6
12547,3.064805308242794e-6
12548,4.597207962364191e-6
12550,6.129610616485588e-6
12551,1.532402654121397e-6
12552,3.2180455736549336e-5
12553,1.992123450357816e-5
12554,9.194415924728382e-6
12556,2.6663806181712307e-4
12557,7.662013270606985e-6
12558,2.1760117688523836e-4
12559,1.2259221232971176e-5
12560,1.532402654121397e-5
12562,1.992123450357816e-5
12563,7.662013270606985e-6
12564,7.662013270606985e-6
12565,3.064805308242794e-6
12566,6.129610616485588e-6
12567,4.597207962364191e-6
12568,6.129610616485588e-6
12569,7.662013270606985e-6
12570,9.194415924728382e-6
12571,4.597207962364191e-5
12572,2.1453637157699556e-5
12573,1.532402654121397e-6
12574,7.662013270606985e-6
12575,4.597207962364191e-6
12576,6.129610616485588e-6
12577,6.129610616485588e-6
12578,9.194415924728382e-6
12579,3.064805308242794e-6
12580,1.3791623887092572e-5
12581,6.129610616485588e-6
12582,1.3791623887092572e-5
12583,2.4518442465942352e-5
12584,9.194415924728382e-6
12585,4.597207962364191e-6
12586,3.04948128170158e-4
12587,1.011385751720122e-4
12588,1.532402654121397e-5
12589,2.2986039811820954e-5
12590,9.730756853670871e-4
12591,6.282850881897727e-5
12593,3.064805308242794e-5
12594,5.05692875860061e-5
12595,3.6777663698913526e-5
12596,1.992123450357816e-5
12598,9.194415924728382e-6
12599,4.597207962364191e-6
12600,3.064805308242794e-6
12601,4.597207962364191e-6
12602,3.064805308242794e-6
12603,6.129610616485588e-6
12604,4.597207962364191e-6
12605,3.984246900715632e-5
12606,6.129610616485588e-6
12607,6.129610616485588e-6
12608,7.662013270606985e-6
12609,2.6050845120063747e-5
12610,1.6856429195335365e-5
12611,2.2832799546408815e-4
12612,7.662013270606985e-6
12613,1.532402654121397e-6
12614,6.129610616485588e-6
12616,1.3791623887092572e-5
12617,2.1453637157699556e-5
12618,1.2259221232971176e-5
12619,4.597207962364191e-6
12620,6.129610616485588e-6
12621,4.597207962364191e-6
12622,3.064805308242794e-6
12623,1.532402654121397e-6
12624,3.064805308242794e-6
12625,4.597207962364191e-6
12627,3.064805308242794e-6
12628,1.992123450357816e-5
12629,4.597207962364191e-6
12630,1.0726818578849778e-5
12631,3.064805308242794e-6
12632,9.194415924728382e-6
12633,1.532402654121397e-6
12634,1.8388831849456763e-5
12635,1.3791623887092572e-5
12636,2.4518442465942352e-5
12637,4.597207962364191e-6
12638,7.355532739782705e-5
12639,2.2986039811820954e-5
12640,4.597207962364191e-6
12641,3.064805308242794e-6
12642,1.0726818578849778e-5
12643,7.049052208958426e-5
12644,9.807376986376941e-5
12645,6.129610616485588e-6
12646,1.3791623887092572e-5
12647,4.597207962364191e-6
12648,9.194415924728382e-6
12649,1.532402654121397e-6
12650,1.532402654121397e-5
12651,3.064805308242794e-6
12652,1.8388831849456763e-5
12653,6.129610616485588e-6
12654,6.129610616485588e-6
12655,4.597207962364191e-6
12656,3.064805308242794e-6
12657,1.532402654121397e-6
12658,6.129610616485588e-6
12659,4.597207962364191e-6
12660,9.194415924728382e-6
12661,1.532402654121397e-5
12662,1.532402654121397e-6
12664,6.282850881897727e-5
12665,2.1453637157699556e-5
12666,3.064805308242794e-6
12667,1.532402654121397e-6
12668,3.064805308242794e-5
12669,3.064805308242794e-6
12670,3.064805308242794e-6
12671,8.887935393904103e-5
12672,4.597207962364191e-6
12673,4.2141072988338414e-4
12674,9.194415924728382e-6
12675,1.532402654121397e-6
12676,1.0726818578849778e-5
12677,1.6856429195335365e-5
12678,3.984246900715632e-5
12679,2.7583247774185145e-5
12680,9.96061725178908e-5
12681,1.532402654121397e-5
12682,4.597207962364191e-6
12684,1.1799500436734756e-4
12685,4.9036884931884704e-5
12686,1.7622630522396064e-4
12688,1.532402654121397e-6
12689,6.129610616485588e-6
12690,3.064805308242794e-6
12691,6.129610616485588e-6
12693,6.129610616485588e-6
12694,3.064805308242794e-6
12696,3.064805308242794e-6
12697,4.290727431539911e-5
12698,1.8388831849456763e-5
12699,7.662013270606985e-6
12700,1.992123450357816e-5
12701,7.662013270606985e-6
12702,1.8388831849456763e-5
12703,7.662013270606985e-6
12704,9.194415924728382e-6
12705,2.6050845120063747e-5
12706,6.129610616485588e-6
12707,2.0840676096050997e-4
12708,6.129610616485588e-6
12709,1.3791623887092572e-4
12710,7.662013270606985e-6
12711,5.05692875860061e-5
12712,6.129610616485588e-6
12713,1.0726818578849778e-5
12714,1.0726818578849778e-5
12715,3.034157255160366e-4
12716,6.129610616485588e-6
12717,5.976370351073448e-5
12718,1.532402654121397e-5
12719,4.597207962364191e-6
12720,3.064805308242794e-6
12721,1.2259221232971176e-5
12722,3.064805308242794e-6
12723,6.282850881897727e-5
12724,1.6856429195335365e-5
12725,1.0726818578849778e-5
12726,5.6698898202491684e-5
12727,1.532402654121397e-5
12728,1.532402654121397e-6
12729,4.597207962364191e-6
12730,1.532402654121397e-6
12731,1.3791623887092572e-5
12732,9.194415924728382e-6
12733,2.1453637157699556e-5
12734,3.064805308242794e-6
12735,4.597207962364191e-6
12736,1.1952740702146896e-4
12737,1.2259221232971176e-5
12738,1.992123450357816e-5
12739,1.0726818578849778e-5
12740,1.0726818578849778e-5
12741,9.194415924728382e-6
12742,3.064805308242794e-6
12743,3.064805308242794e-6
12744,4.597207962364191e-6
12745,1.2259221232971176e-5
12746,4.75044822777633e-5
12747,9.194415924728382e-6
12748,2.4518442465942352e-5
12749,1.2259221232971176e-5
12750,1.2259221232971176e-5
12751,1.8388831849456763e-5
12752,4.75044822777633e-5
12753,3.984246900715632e-5
12754,2.2986039811820954e-5
12755,8.581454863079822e-5
12756,6.129610616485588e-6
12757,9.194415924728382e-5
12758,2.9115650428306543e-5
12759,1.0726818578849778e-5
12760,1.7929111053220344e-4
12762,4.597207962364191e-6
12763,4.597207962364191e-6
12764,1.532402654121397e-6
12765,3.064805308242794e-6
12766,1.2259221232971176e-5
12767,9.194415924728382e-6
12768,6.129610616485588e-6
12769,1.0726818578849778e-5
12770,1.8388831849456763e-5
12771,1.532402654121397e-6
12772,1.8388831849456763e-5
12773,1.2259221232971176e-5
12774,1.3791623887092572e-5
12775,7.662013270606985e-6
12776,4.597207962364191e-6
12777,1.6856429195335365e-5
12778,6.129610616485588e-6
12779,1.2412461498383315e-4
12780,4.597207962364191e-6
12781,1.3791623887092572e-5
12782,1.3791623887092572e-5
12783,7.355532739782705e-5
12784,1.2259221232971176e-5
12785,5.516649554837029e-5
12786,4.597207962364191e-6
12787,5.2101690240127493e-5
12788,4.597207962364191e-6
12789,7.707985350230627e-4
12790,3.524526104479213e-5
12791,1.0726818578849779e-4
12792,1.6856429195335365e-5
12793,1.532402654121397e-6
12794,3.064805308242794e-5
12795,2.6050845120063747e-5
12796,7.662013270606985e-6
12797,1.2259221232971176e-5
12798,1.532402654121397e-6
12799,4.137487166127772e-5
12800,1.6856429195335365e-5
12801,6.129610616485588e-6
12802,3.064805308242794e-6
12803,1.532402654121397e-5
12804,2.4518442465942352e-5
12805,9.194415924728382e-6
12806,2.7583247774185145e-5
12807,6.129610616485588e-6
12808,1.0726818578849778e-5
12809,0.001166158419786383
12810,1.8388831849456763e-5
12811,3.064805308242794e-6
12812,3.064805308242794e-6
12813,3.064805308242794e-6
12814,6.129610616485588e-6
12815,1.532402654121397e-6
12816,6.129610616485588e-6
12817,6.129610616485588e-6
12818,3.524526104479213e-5
12819,1.992123450357816e-5
12820,7.662013270606985e-6
12821,4.597207962364191e-6
12822,6.129610616485588e-6
12823,1.0880058844261918e-4
12824,4.597207962364191e-6
12825,6.129610616485588e-6
12826,7.662013270606985e-6
12827,1.8388831849456763e-5
12828,4.597207962364191e-6
12829,6.129610616485588e-6
12830,3.064805308242794e-6
12831,1.532402654121397e-6
12832,1.4251344683328991e-4
12833,1.532402654121397e-5
12834,9.194415924728382e-6
12835,3.064805308242794e-6
12836,0.0014297316762952633
12837,8.887935393904103e-5
12838,4.597207962364191e-5
12839,2.2986039811820954e-5
12840,4.137487166127772e-5
12841,1.2259221232971176e-5
12842,1.6856429195335365e-5
12843,7.662013270606985e-6
12844,6.129610616485588e-6
12845,1.532402654121397e-6
12846,2.1453637157699556e-5
12847,1.0726818578849778e-5
12848,4.597207962364191e-6
12851,7.662013270606985e-6
12852,4.597207962364191e-6
12853,0.0017852490920514275
12854,6.129610616485588e-6
12855,3.2180455736549336e-5
12856,2.4518442465942352e-5
12857,7.662013270606985e-6
12858,3.064805308242794e-6
12859,8.274974332255543e-5
12860,6.129610616485588e-6
12861,4.9036884931884704e-5
12862,6.129610616485588e-6
12863,2.589760485465161e-4
12864,1.0726818578849778e-5
12865,1.0726818578849778e-5
12867,7.662013270606985e-6
12868,4.597207962364191e-6
12869,1.8388831849456763e-5
12870,4.597207962364191e-6
12871,4.597207962364191e-6
12872,1.532402654121397e-6
12874,2.4518442465942352e-5
12875,4.597207962364191e-6
12876,1.0726818578849778e-5
12877,1.532402654121397e-6
12878,7.662013270606985e-6
12879,6.129610616485588e-6
12880,1.6856429195335365e-5
12881,1.6856429195335365e-5
12882,1.532402654121397e-6
12883,6.129610616485588e-6
12884,1.3791623887092572e-5
12885,1.532402654121397e-6
12886,4.597207962364191e-6
12887,1.992123450357816e-5
12888,3.064805308242794e-6
12889,1.8082351318632483e-4
12890,3.524526104479213e-5
12891,4.443967696952051e-5
12892,3.064805308242794e-6
12893,6.129610616485588e-6
12894,6.129610616485588e-6
12895,1.3791623887092572e-5
12896,2.2986039811820954e-5
12897,3.064805308242794e-6
12898,6.129610616485588e-6
12899,2.6050845120063747e-5
12900,3.064805308242794e-6
12901,4.597207962364191e-6
12902,1.6856429195335365e-5
12903,3.064805308242794e-6
12904,7.662013270606985e-6
12905,1.532402654121397e-5
12906,1.6856429195335365e-5
12907,2.4518442465942352e-5
12908,9.194415924728382e-6
12909,2.6050845120063747e-5
12910,1.6856429195335365e-5
12911,2.7583247774185145e-5
12912,9.194415924728382e-6
12913,4.597207962364191e-6
12914,3.2180455736549336e-5
12915,4.704476148152689e-4
12916,6.129610616485588e-6
12917,4.597207962364191e-6
12918,1.6856429195335365e-5
12919,4.597207962364191e-6
12920,4.597207962364191e-6
12921,9.102471765481098e-4
12922,6.129610616485588e-6
12923,1.3791623887092572e-5
12924,7.662013270606985e-6
12925,3.064805308242794e-6
12926,5.05692875860061e-5
12927,7.662013270606985e-6
12928,2.1606877423111697e-4
12929,1.532402654121397e-6
12931,6.129610616485588e-6
12932,3.064805308242794e-6
12933,9.194415924728382e-6
12934,6.129610616485588e-6
12935,2.4518442465942352e-5
12936,7.662013270606985e-6
12937,4.597207962364191e-6
12938,2.1453637157699556e-5
12939,3.064805308242794e-6
12940,1.2259221232971176e-5
12941,1.2259221232971176e-5
12942,9.194415924728382e-6
12943,7.662013270606985e-6
12944,1.992123450357816e-5
12945,1.3178662825444015e-4
12946,9.194415924728382e-6
12947,1.532402654121397e-5
12948,1.2259221232971176e-5
12949,9.194415924728382e-6
12950,3.064805308242794e-6
12951,1.532402654121397e-6
12952,1.3791623887092572e-5
12953,7.662013270606985e-6
12954,1.2259221232971176e-5
12955,3.647118316808925e-4
12956,3.064805308242794e-6
12957,4.597207962364191e-6
12958,2.7583247774185145e-5
12959,7.662013270606984e-5
12960,7.662013270606985e-6
12961,9.194415924728382e-6
12962,6.129610616485588e-6
12963,4.2600793784574833e-4
12964,3.6777663698913526e-5
12965,7.662013270606985e-6
12966,5.761833979496452e-4
12967,2.4518442465942352e-5
12968,3.6777663698913526e-5
12969,2.2986039811820954e-5
12970,3.064805308242794e-6
12971,3.371285839067073e-5
12972,4.597207962364191e-6
12973,1.532402654121397e-5
12974,4.597207962364191e-6
12975,1.6856429195335365e-5
12976,7.662013270606985e-6
12977,1.0726818578849778e-5
12978,4.597207962364191e-6
12979,1.532402654121397e-5
12980,7.662013270606985e-6
12981,9.194415924728382e-6
12982,4.597207962364191e-6
12983,2.7583247774185145e-5
12984,1.0726818578849778e-5
12985,9.194415924728382e-6
12986,7.662013270606985e-6
12987,4.2447553519162697e-4
12988,6.129610616485588e-6
12989,3.064805308242794e-6
12990,4.137487166127772e-5
12991,6.129610616485588e-6
12993,9.194415924728382e-6
12994,1.532402654121397e-5
12995,3.064805308242794e-6
12996,6.129610616485588e-6
12997,7.386180792865134e-4
12998,7.662013270606985e-6
12999,4.597207962364191e-6
13000,1.8388831849456763e-5
13001,1.532402654121397e-6
13003,4.597207962364191e-6
13004,9.194415924728382e-6
13005,1.0726818578849778e-5
13006,3.064805308242794e-6
13007,6.129610616485588e-6
13008,3.064805308242794e-6
13009,9.194415924728382e-6
13010,7.662013270606985e-6
13012,4.597207962364191e-6
13013,4.597207962364191e-6
13014,1.532402654121397e-6
13016,5.6698898202491684e-5
13017,3.064805308242794e-6
13018,1.532402654121397e-6
13019,4.597207962364191e-6
13020,7.815253536019124e-5
13021,1.2259221232971176e-5
13022,1.6856429195335365e-5
13023,4.9036884931884704e-5
13024,1.011385751720122e-4
13025,1.3791623887092572e-5
13026,3.064805308242794e-6
13027,9.194415924728382e-6
13028,9.194415924728382e-6
13029,3.6777663698913526e-5
13030,9.194415924728382e-6
13031,6.129610616485588e-6
13032,2.7583247774185145e-5
13033,1.532402654121397e-6
13034,1.992123450357816e-5
13035,7.508773005194845e-5
13036,6.895811943546286e-5
13037,9.96061725178908e-5
13038,6.129610616485588e-6
13039,4.597207962364191e-6
13040,4.443967696952051e-5
13041,2.2986039811820954e-5
13042,1.6856429195335365e-5
13043,3.064805308242794e-6
13044,7.662013270606985e-6
13045,4.597207962364191e-6
13046,1.532402654121397e-6
13048,2.2986039811820954e-5
13049,1.3791623887092572e-5
13050,7.662013270606985e-6
13051,1.532402654121397e-5
13052,1.0726818578849778e-5
13053,1.8388831849456763e-5
13054,1.8388831849456763e-5
13055,7.662013270606985e-6
13056,6.129610616485588e-6
13057,1.0726818578849778e-5
13058,1.532402654121397e-6
13059,1.0726818578849778e-5
13060,1.532402654121397e-5
13061,4.597207962364191e-6
13062,4.597207962364191e-6
13063,2.1453637157699556e-5
13064,4.597207962364191e-6
13065,5.8231300856613086e-5
13066,1.0726818578849778e-5
13067,1.6856429195335365e-5
13068,2.2986039811820954e-5
13069,2.7583247774185145e-5
13070,1.532402654121397e-6
13071,7.662013270606985e-6
13072,2.9115650428306543e-5
13073,1.3791623887092572e-5
13074,7.662013270606985e-6
13075,3.064805308242794e-6
13076,3.064805308242794e-6
13077,4.597207962364191e-6
13078,6.129610616485588e-6
13080,5.05692875860061e-5
13081,2.4518442465942352e-5
13082,1.3791623887092572e-5
13083,6.129610616485588e-6
13084,1.6243468133686807e-4
13085,9.194415924728382e-6
13087,1.3791623887092572e-5
13088,3.831006635303492e-5
13089,4.597207962364191e-5
13090,7.355532739782705e-5
13091,4.75044822777633e-5
13092,4.597207962364191e-6
13093,1.0726818578849778e-5
13094,1.532402654121397e-6
13095,1.6856429195335365e-5
13096,4.597207962364191e-6
13097,2.1453637157699556e-5
13098,7.662013270606985e-6
13099,9.194415924728382e-6
13100,5.2101690240127493e-5
13101,3.064805308242794e-6
13102,4.597207962364191e-6
13103,6.895811943546286e-5
13104,2.4518442465942352e-5
13105,6.129610616485588e-6
13106,2.4518442465942352e-5
13107,1.2259221232971176e-5
13108,1.992123450357816e-5
13109,8.428214597667684e-5
13110,1.532402654121397e-6
13111,6.129610616485588e-6
13113,3.371285839067073e-5
13114,1.7469390256983925e-4
13115,1.6856429195335365e-5
13116,3.064805308242794e-6
13117,1.593698760286253e-4
13119,1.2259221232971176e-5
13120,2.1453637157699556e-5
13121,3.064805308242794e-6
13122,9.194415924728382e-6
13124,6.129610616485588e-6
13125,1.6856429195335365e-5
13126,3.064805308242794e-6
13127,4.290727431539911e-5
13128,1.0726818578849778e-5
13129,1.532402654121397e-6
13130,1.2259221232971176e-5
13131,1.992123450357816e-5
13132,2.1453637157699556e-5
13133,9.194415924728382e-6
13134,4.597207962364191e-6
13135,6.129610616485588e-6
13136,3.2180455736549336e-5
13137,6.711923625051719e-4
13138,2.3905481404293792e-4
13139,1.8388831849456763e-4
13140,1.0726818578849778e-5
13141,1.8848552645693182e-4
13142,1.532402654121397e-6
13143,5.164196944389107e-4
13144,1.3485143356268292e-4
13145,1.1033299109674058e-4
13146,4.443967696952051e-5
13147,4.9036884931884704e-5
13148,2.2373078750172396e-4
13149,3.984246900715632e-5
13150,2.2986039811820954e-5
13151,1.532402654121397e-5
13152,1.6856429195335365e-5
13153,4.597207962364191e-6
13154,1.0726818578849778e-5
13155,9.194415924728382e-6
13156,1.3791623887092572e-5
13157,1.532402654121397e-6
13158,1.2259221232971176e-5
13159,6.129610616485588e-6
13160,4.597207962364191e-6
13161,7.662013270606985e-6
13162,1.3791623887092572e-5
13163,7.508773005194845e-5
13164,3.064805308242794e-6
13165,6.129610616485588e-6
13166,7.662013270606985e-6
13167,3.064805308242794e-6
13168,1.2259221232971176e-5
13169,2.4518442465942352e-5
13170,1.3791623887092572e-5
13171,3.524526104479213e-5
13172,3.064805308242794e-6
13173,3.064805308242794e-6
13174,4.443967696952051e-5
13175,6.129610616485588e-6
13176,7.662013270606985e-6
13177,7.662013270606985e-6
13180,7.662013270606985e-6
13181,6.129610616485588e-6
13182,4.443967696952051e-5
13183,3.064805308242794e-6
13184,1.3791623887092572e-5
13186,1.532402654121397e-5
13187,1.532402654121397e-6
13188,3.064805308242794e-6
13189,3.064805308242794e-6
13190,1.0726818578849778e-5
13191,2.7583247774185145e-5
13192,7.202292474370565e-5
13193,1.6856429195335365e-5
13194,1.532402654121397e-5
13195,0.0015124814196178188
13197,4.597207962364191e-6
13198,9.194415924728382e-6
13199,4.597207962364191e-6
13200,6.129610616485588e-6
13201,3.064805308242794e-6
13202,1.532402654121397e-6
13203,6.129610616485588e-6
13205,2.2986039811820954e-5
13206,7.662013270606985e-6
13207,4.443967696952051e-5
13208,1.0726818578849778e-5
13209,3.064805308242794e-6
13210,6.895811943546286e-5
13211,1.3638383621680434e-4
13212,6.129610616485588e-6
13213,1.8388831849456763e-5
13214,6.129610616485588e-6
13215,4.597207962364191e-6
13216,1.6856429195335365e-5
13217,1.0726818578849778e-5
13218,7.662013270606985e-6
13219,7.662013270606985e-6
13220,1.0726818578849778e-5
13221,9.041175659316241e-5
13222,1.532402654121397e-6
13223,5.8231300856613086e-5
13224,1.3791623887092572e-5
13225,7.662013270606985e-6
13226,6.589331412722007e-5
13227,6.436091147309867e-5
13228,1.6856429195335365e-5
13229,3.371285839067073e-5
13231,2.2986039811820954e-5
13232,2.4518442465942352e-5
13233,2.5591124323827327e-4
13234,2.620408538547589e-4
13236,6.129610616485588e-6
13237,1.3791623887092572e-4
13238,2.1147156626875278e-4
13239,4.597207962364191e-6
13240,7.202292474370565e-5
13241,7.662013270606985e-6
13242,1.471106547956541e-4
13243,1.992123450357816e-5
13245,1.8388831849456763e-5
13246,4.597207962364191e-6
13247,3.2180455736549336e-5
13248,1.532402654121397e-5
13249,2.1453637157699556e-5
13250,7.662013270606985e-6
13252,4.597207962364191e-6
13253,6.129610616485588e-6
13254,4.597207962364191e-6
13255,1.6856429195335365e-5
13256,1.532402654121397e-6
13257,4.597207962364191e-6
13258,5.225493050553964e-4
13259,2.7583247774185145e-5
13260,6.528035306557151e-4
13261,4.597207962364191e-6
13262,6.129610616485588e-6
13263,1.2105980967559036e-4
13264,4.597207962364191e-6
13265,3.064805308242794e-6
13266,9.194415924728382e-6
13267,7.202292474370565e-5
13268,3.064805308242794e-6
13269,1.532402654121397e-6
13270,1.532402654121397e-6
13271,3.064805308242794e-6
13272,3.064805308242794e-5
13273,1.0726818578849778e-5
13274,6.129610616485588e-6
13275,4.597207962364191e-6
13276,2.6050845120063747e-5
13277,1.532402654121397e-6
13278,7.662013270606985e-6
13279,1.3791623887092572e-5
13280,3.064805308242794e-6
13281,1.026709778261336e-4
13282,3.064805308242794e-6
13283,1.0573578313437639e-4
13284,4.597207962364191e-6
13285,6.282850881897727e-5
13286,8.274974332255543e-5
13287,5.8231300856613086e-5
13288,7.662013270606985e-6
13289,1.3791623887092572e-5
13290,4.597207962364191e-6
13291,4.597207962364191e-5
13292,6.129610616485588e-6
13293,1.8388831849456763e-5
13294,1.8388831849456763e-5
13295,1.2259221232971176e-5
13296,1.532402654121397e-5
13297,1.2259221232971176e-5
13298,1.992123450357816e-5
13299,3.064805308242794e-6
13300,1.6856429195335365e-5
13301,1.532402654121397e-6
13302,6.129610616485588e-6
13303,3.064805308242794e-6
13304,9.194415924728382e-6
13305,6.129610616485588e-6
13306,2.2986039811820954e-5
13307,1.532402654121397e-6
13308,4.597207962364191e-5
13309,1.3791623887092572e-4
13310,1.394486415250471e-4
13311,4.597207962364191e-6
13312,3.064805308242794e-6
13313,3.064805308242794e-6
13314,7.662013270606985e-6
13315,1.2259221232971176e-5
13316,3.064805308242794e-6
13317,6.129610616485588e-6
13318,6.129610616485588e-6
13319,7.662013270606985e-6
13320,4.597207962364191e-6
13321,3.064805308242794e-6
13322,6.129610616485588e-6
13323,4.597207962364191e-6
13324,4.597207962364191e-6
13325,1.8388831849456763e-5
13326,9.194415924728382e-6
13327,1.3791623887092572e-5
13328,9.194415924728382e-6
13329,9.194415924728382e-6
13330,3.064805308242794e-5
13331,1.532402654121397e-5
13332,6.129610616485588e-6
13334,1.6856429195335365e-5
13335,7.049052208958426e-5
13336,3.064805308242794e-5
13337,4.290727431539911e-5
13338,2.4518442465942352e-5
13339,1.532402654121397e-6
13340,1.6856429195335365e-5
13341,1.7622630522396064e-4
13342,8.121734066843403e-5
13343,6.129610616485588e-6
13344,9.347656190140522e-5
13345,1.6856429195335365e-5
13346,7.662013270606985e-6
13347,1.992123450357816e-5
13348,4.597207962364191e-6
13349,1.3791623887092572e-5
13350,4.597207962364191e-6
13351,4.597207962364191e-6
13352,4.75044822777633e-5
13353,4.597207962364191e-5
13354,7.662013270606985e-6
13355,6.129610616485588e-6
13356,7.662013270606985e-6
13357,3.064805308242794e-6
13358,9.194415924728382e-6
13359,1.8388831849456763e-5
13360,3.064805308242794e-6
13361,4.597207962364191e-6
13362,3.064805308242794e-6
13363,7.662013270606985e-6
13364,4.597207962364191e-6
13365,3.064805308242794e-6
13366,2.7583247774185145e-5
13367,6.129610616485588e-6
13368,1.532402654121397e-5
13369,1.992123450357816e-5
13370,7.662013270606985e-6
13371,6.895811943546286e-5
13372,1.6856429195335365e-5
13373,1.3791623887092572e-5
13374,4.597207962364191e-6
13375,1.532402654121397e-5
13376,3.064805308242794e-6
13377,3.064805308242794e-6
13378,3.984246900715632e-5
13379,4.597207962364191e-6
13380,5.05692875860061e-5
13381,3.064805308242794e-6
13382,1.532402654121397e-6
13383,4.597207962364191e-6
13384,1.532402654121397e-6
13385,1.532402654121397e-6
13386,3.064805308242794e-6
13387,4.597207962364191e-6
13388,1.2259221232971176e-5
13389,9.194415924728382e-6
13390,9.194415924728382e-6
13391,4.597207962364191e-6
13392,4.597207962364191e-6
13393,2.7583247774185145e-5
13394,3.064805308242794e-6
13395,4.597207962364191e-6
13396,9.194415924728382e-6
13397,5.976370351073448e-5
13398,1.532402654121397e-6
13399,4.597207962364191e-6
13400,2.1453637157699556e-5
13401,3.064805308242794e-6
13402,1.6856429195335365e-5
13403,3.064805308242794e-6
13404,6.129610616485588e-6
13405,7.662013270606985e-6
13406,4.597207962364191e-6
13407,4.597207962364191e-6
13408,1.3791623887092572e-5
13409,1.2259221232971176e-5
13410,3.064805308242794e-6
13411,4.290727431539911e-5
13412,1.026709778261336e-4
13413,4.597207962364191e-6
13414,3.064805308242794e-6
13415,3.064805308242794e-6
13416,5.05692875860061e-5
13417,1.2259221232971176e-5
13418,9.194415924728382e-6
13419,4.597207962364191e-6
13420,1.532402654121397e-6
13421,1.532402654121397e-6
13422,2.6663806181712307e-4
13423,6.129610616485588e-6
13424,9.194415924728382e-6
13425,1.6856429195335365e-5
13427,1.3791623887092572e-5
13428,1.3791623887092572e-5
13429,2.1453637157699556e-5
13430,6.129610616485588e-6
13431,6.129610616485588e-6
13432,3.064805308242794e-6
13433,1.8388831849456763e-5
13434,3.064805308242794e-6
13435,1.8388831849456763e-5
13436,3.064805308242794e-6
13437,9.041175659316241e-5
13438,3.984246900715632e-5
13439,6.129610616485588e-6
13440,6.129610616485588e-6
13441,6.129610616485588e-6
13442,2.4518442465942352e-5
13443,6.129610616485588e-6
13444,1.532402654121397e-6
13445,9.194415924728382e-6
13446,3.064805308242794e-6
13447,1.992123450357816e-5
13448,8.581454863079822e-5
13449,2.681704644712445e-4
13450,1.2259221232971176e-5
13451,0.00015783747337450388
13452,2.7583247774185145e-5
13453,3.2180455736549336e-5
13454,4.597207962364191e-5
13455,3.064805308242794e-6
13456,1.2872182294619734e-4
13457,1.532402654121397e-6
13458,3.6164702637264966e-4
13459,4.597207962364191e-6
13460,1.8388831849456763e-5
13461,4.137487166127772e-5
13462,1.532402654121397e-6
13463,4.597207962364191e-6
13464,3.064805308242794e-6
13465,1.3791623887092572e-5
13466,7.815253536019124e-5
13467,3.6777663698913526e-5
13468,1.532402654121397e-5
13469,4.597207962364191e-5
13470,4.597207962364191e-6
13471,7.662013270606985e-6
13472,1.2259221232971176e-5
13473,4.597207962364191e-6
13474,2.1453637157699556e-5
13475,1.532402654121397e-6
13476,3.064805308242794e-5
13477,1.532402654121397e-6
13478,4.597207962364191e-6
13479,2.6050845120063747e-5
13480,3.064805308242794e-6
13481,1.486430574497755e-4
13482,1.1493019905910477e-4
13483,1.0726818578849778e-5
13484,5.516649554837029e-5
13485,3.371285839067073e-5
13486,1.486430574497755e-4
13488,1.2259221232971176e-5
13489,1.532402654121397e-5
13490,5.3634092894248895e-5
13491,4.597207962364191e-5
13492,7.662013270606985e-6
13493,1.532402654121397e-6
13494,8.887935393904103e-5
13495,1.2259221232971176e-5
13496,1.3791623887092572e-5
13497,1.532402654121397e-6
13498,2.9115650428306543e-5
13499,2.6050845120063747e-5
13500,2.6050845120063747e-5
13501,4.597207962364191e-6
13502,6.129610616485588e-6
13503,3.064805308242794e-6
13504,3.7543865025974223e-4
13506,3.064805308242794e-6
13508,1.486430574497755e-4
13509,5.608593714084313e-4
13510,1.8235591584044624e-4
13511,2.9115650428306543e-5
13512,6.129610616485588e-6
13513,4.597207962364191e-6
13514,1.532402654121397e-5
13515,8.581454863079822e-5
13516,9.194415924728382e-6
13517,1.992123450357816e-5
13518,1.532402654121397e-6
13519,3.064805308242794e-6
13520,4.75044822777633e-5
13521,4.597207962364191e-6
13522,1.0726818578849778e-5
13523,1.1799500436734756e-4
13524,4.597207962364191e-6
13525,3.064805308242794e-6
13526,4.443967696952051e-5
13527,1.532402654121397e-5
13528,1.2259221232971176e-5
13529,4.597207962364191e-6
13530,9.807376986376941e-5
13532,3.064805308242794e-6
13533,1.3791623887092572e-5
13534,3.064805308242794e-6
13535,7.662013270606985e-6
13536,3.064805308242794e-6
13537,4.597207962364191e-6
13538,4.597207962364191e-6
13539,1.6856429195335365e-5
13540,7.662013270606985e-6
13541,4.597207962364191e-6
13542,2.4518442465942352e-5
13543,1.992123450357816e-5
13544,3.064805308242794e-6
13547,7.662013270606985e-6
13548,6.129610616485588e-6
13549,3.371285839067073e-5
13550,3.064805308242794e-6
13551,3.003509202077938e-4
13552,4.597207962364191e-6
13553,4.597207962364191e-5
13554,2.1453637157699556e-5
13555,0.00015783747337450388
13556,1.0726818578849778e-5
13557,1.532402654121397e-5
13558,4.597207962364191e-6
13559,6.129610616485588e-6
13560,3.064805308242794e-6
13561,2.4518442465942352e-5
13562,1.1339779640498337e-4
13563,4.597207962364191e-6
13564,2.8502689366657983e-4
13565,4.9036884931884704e-5
13566,3.524526104479213e-5
13567,1.8388831849456763e-5
13568,1.532402654121397e-5
13569,1.532402654121397e-5
13570,5.976370351073448e-5
13571,3.064805308242794e-6
13572,4.597207962364191e-6
13573,1.6856429195335365e-5
13574,4.597207962364191e-6
13575,6.129610616485588e-6
13576,4.597207962364191e-6
13577,6.129610616485588e-6
13578,4.597207962364191e-6
13579,7.662013270606985e-6
13580,1.2259221232971176e-5
13581,1.532402654121397e-6
13582,1.2259221232971176e-5
13583,3.2180455736549336e-5
13584,2.4518442465942352e-5
13585,1.532402654121397e-6
13586,9.194415924728382e-6
13587,6.129610616485588e-6
13588,3.831006635303492e-5
13589,1.6856429195335365e-5
13591,1.1033299109674058e-4
13592,9.194415924728382e-6
13593,2.9115650428306543e-5
13594,1.2259221232971176e-5
13595,4.443967696952051e-5
13596,1.0726818578849778e-5
13597,9.194415924728382e-6
13598,3.064805308242794e-6
13599,7.662013270606985e-6
13600,5.378733315966103e-4
13601,6.589331412722007e-5
13602,0.0013408523223562222
13603,6.129610616485588e-6
13604,1.486430574497755e-4
13605,1.0726818578849778e-5
13606,4.474615750034479e-4
13607,4.597207962364191e-6
13608,3.064805308242794e-6
13609,3.064805308242794e-6
13610,2.7583247774185145e-5
13612,1.532402654121397e-6
13613,7.662013270606985e-6
13614,2.1147156626875278e-4
13615,4.137487166127772e-5
13616,6.129610616485588e-6
13617,1.026709778261336e-4
13618,4.597207962364191e-6
13619,9.194415924728382e-6
13620,3.064805308242794e-6
13621,4.597207962364191e-6
13622,7.662013270606985e-6
13623,6.129610616485588e-6
13624,9.194415924728382e-6
13625,9.807376986376941e-5
13626,1.0726818578849778e-5
13627,4.597207962364191e-6
13628,1.532402654121397e-6
13629,3.064805308242794e-6
13630,3.064805308242794e-6
13632,1.2259221232971176e-5
13633,2.7583247774185145e-5
13634,1.0726818578849778e-5
13635,5.516649554837029e-5
13636,1.2718942029207595e-4
13637,1.2259221232971176e-5
13638,4.137487166127772e-5
13639,6.895811943546286e-5
13640,6.129610616485588e-6
13641,1.532402654121397e-5
13643,4.597207962364191e-6
13644,1.593698760286253e-4
13645,6.129610616485588e-6
13646,1.6856429195335365e-5
13647,6.313498934980155e-4
13648,2.9115650428306543e-5
13649,1.8388831849456763e-5
13650,3.064805308242794e-6
13651,5.05692875860061e-5
13652,9.194415924728382e-6
13653,5.869102165284951e-4
13654,1.3791623887092572e-5
13655,2.1453637157699556e-5
13656,4.597207962364191e-6
13657,1.8388831849456763e-5
13658,5.026280705518182e-4
13659,7.662013270606985e-6
13661,1.8388831849456763e-4
13662,5.6698898202491684e-5
13663,9.041175659316241e-5
13664,7.662013270606985e-6
13665,7.662013270606985e-6
13666,3.524526104479213e-5
13667,1.0420338048025499e-4
13668,4.597207962364191e-5
13669,3.064805308242794e-6
13670,5.6698898202491684e-5
13671,3.064805308242794e-6
13672,3.2180455736549336e-5
13673,1.0726818578849779e-4
13674,3.064805308242794e-6
13675,3.064805308242794e-5
13676,4.597207962364191e-6
13677,0.0010450986101107928
13678,5.516649554837029e-5
13679,1.3791623887092572e-5
13680,9.194415924728382e-6
13681,1.532402654121397e-5
13683,6.129610616485588e-6
13684,1.6856429195335365e-5
13686,1.6856429195335365e-5
13687,2.4518442465942352e-5
13688,1.2259221232971176e-5
13689,2.4518442465942352e-5
13690,1.3331903090856153e-4
13691,3.6777663698913526e-5
13692,6.129610616485588e-6
13693,1.532402654121397e-6
13695,1.0726818578849778e-5
13696,2.7583247774185145e-5
13697,3.524526104479213e-5
13698,1.2259221232971176e-5
13699,1.992123450357816e-5
13700,6.436091147309867e-5
13701,6.129610616485588e-6
13702,1.2872182294619734e-4
13703,4.597207962364191e-6
13704,3.064805308242794e-6
13705,4.597207962364191e-6
13706,4.597207962364191e-6
13707,1.532402654121397e-6
13708,3.371285839067073e-5
13709,1.532402654121397e-5
13710,4.597207962364191e-6
13711,1.0726818578849778e-5
13712,1.532402654121397e-6
13713,3.2180455736549336e-5
13714,1.532402654121397e-6
13715,6.129610616485588e-6
13716,2.2986039811820954e-5
13717,1.0726818578849778e-5
13718,4.290727431539911e-5
13719,7.662013270606985e-6
13721,9.194415924728382e-6
13722,4.290727431539911e-5
13723,2.1453637157699556e-5
13724,4.597207962364191e-6
13725,4.597207962364191e-6
13726,1.6856429195335365e-5
13727,7.508773005194845e-5
13728,3.064805308242794e-6
13729,1.3791623887092572e-5
13730,4.597207962364191e-6
13731,4.597207962364191e-5
13732,9.194415924728382e-6
13733,1.532402654121397e-6
13734,1.532402654121397e-5
13735,1.532402654121397e-6
13736,6.129610616485588e-6
13737,9.194415924728382e-6
13738,1.3791623887092572e-5
13739,3.064805308242794e-6
13740,6.129610616485588e-6
13741,0.002099391636146314
13742,4.597207962364191e-6
13743,4.597207962364191e-6
13744,1.3791623887092572e-5
13745,3.064805308242794e-6
13746,3.064805308242794e-5
13747,3.064805308242794e-6
13748,3.064805308242794e-6
13749,1.6856429195335365e-5
13750,6.129610616485588e-6
13751,4.6278560154466186e-4
13752,2.099391636146314e-4
13753,1.976799423816602e-4
13754,6.129610616485588e-6
13755,3.064805308242794e-6
13756,4.75044822777633e-5
13757,7.662013270606985e-6
13758,4.9036884931884704e-5
13759,1.2259221232971176e-5
13760,3.064805308242794e-6
13762,1.6856429195335365e-5
13763,6.129610616485588e-6
13764,1.532402654121397e-6
13765,1.2259221232971176e-5
13766,9.50089645555266e-5
13767,1.532402654121397e-6
13768,1.532402654121397e-6
13769,1.6856429195335365e-5
13770,4.597207962364191e-6
13771,1.532402654121397e-6
13772,3.064805308242794e-6
13773,4.597207962364191e-6
13774,3.064805308242794e-6
13775,1.0420338048025499e-4
13776,9.194415924728382e-6
13777,7.662013270606985e-6
13778,3.064805308242794e-6
13779,4.597207962364191e-6
13780,1.0573578313437639e-4
13781,4.137487166127772e-5
13782,6.129610616485588e-6
13783,3.064805308242794e-6
13784,1.7622630522396064e-4
13785,4.597207962364191e-6
13786,3.064805308242794e-6
13787,6.129610616485588e-6
13788,6.129610616485588e-6
13789,1.532402654121397e-6
13790,7.662013270606985e-6
13791,9.194415924728382e-6
13792,7.662013270606985e-6
13794,2.2986039811820954e-5
13795,3.064805308242794e-6
13796,2.4518442465942352e-5
13797,4.597207962364191e-6
13798,1.532402654121397e-6
13799,6.129610616485588e-6
13800,5.8231300856613086e-5
13801,4.137487166127772e-5
13802,4.597207962364191e-6
13803,6.129610616485588e-6
13804,4.597207962364191e-6
13805,1.6856429195335365e-5
13806,3.064805308242794e-6
13807,6.129610616485588e-6
13808,3.064805308242794e-6
13809,3.064805308242794e-6
13810,6.129610616485588e-6
13811,4.443967696952051e-5
13812,1.532402654121397e-5
13813,3.064805308242794e-5
13815,3.064805308242794e-6
13816,1.532402654121397e-6
13817,6.129610616485588e-6
13819,2.2986039811820954e-5
13820,4.597207962364191e-6
13821,1.0726818578849778e-5
13822,3.831006635303492e-5
13823,7.662013270606985e-6
13824,1.532402654121397e-5
13825,3.2180455736549336e-5
13826,4.597207962364191e-6
13827,3.064805308242794e-6
13828,1.532402654121397e-6
13829,1.532402654121397e-6
13830,6.129610616485588e-6
13831,5.2101690240127493e-5
13832,6.129610616485588e-6
13833,9.194415924728382e-6
13834,3.064805308242794e-6
13835,1.6856429195335365e-5
13836,5.8231300856613086e-5
13837,1.532402654121397e-6
13838,3.064805308242794e-6
13839,1.2259221232971176e-5
13840,1.0726818578849778e-5
13841,6.129610616485588e-6
13842,1.532402654121397e-6
13843,0.007059779027537276
13844,1.7009669460747506e-4
13845,8.121734066843403e-5
13846,2.2986039811820954e-5
13848,9.194415924728382e-6
13849,3.064805308242794e-6
13850,3.064805308242794e-6
13851,7.662013270606985e-6
13852,2.6050845120063747e-5
13853,5.2101690240127493e-5
13854,2.9115650428306543e-5
13855,1.3791623887092572e-5
13856,1.532402654121397e-6
13857,3.064805308242794e-6
13858,1.5324026541213968e-4
13859,6.129610616485588e-6
13860,7.508773005194845e-5
13861,3.6777663698913526e-5
13862,1.2565701763795454e-4
13863,1.2259221232971176e-5
13864,1.8388831849456763e-5
13865,9.194415924728382e-6
13866,1.992123450357816e-5
13867,2.9115650428306543e-5
13869,4.597207962364191e-6
13870,6.129610616485588e-6
13871,2.4518442465942352e-5
13872,4.597207962364191e-6
13873,7.662013270606985e-6
13874,2.7736488039597286e-4
13875,1.2259221232971176e-5
13876,1.0726818578849778e-5
13877,3.2180455736549336e-5
13878,1.532402654121397e-6
13880,7.662013270606985e-6
13881,6.129610616485588e-6
13882,4.597207962364191e-6
13883,6.129610616485588e-6
13884,1.3485143356268292e-4
13885,6.129610616485588e-5
13886,5.3634092894248895e-5
13887,9.807376986376941e-5
13888,3.371285839067073e-5
13889,5.2101690240127493e-5
13890,3.064805308242794e-6
13891,3.064805308242794e-6
13892,7.662013270606985e-6
13893,9.194415924728382e-6
13894,1.532402654121397e-5
13895,4.597207962364191e-6
13896,1.532402654121397e-6
13897,1.0726818578849778e-5
13898,1.8388831849456763e-5
13899,0.001123251145470984
13900,2.2986039811820954e-5
13901,4.367347564245981e-4
13902,9.194415924728382e-6
13903,4.597207962364191e-6
13904,5.516649554837029e-5
13905,4.597207962364191e-6
13906,1.93082734419296e-4
13907,1.532402654121397e-5
13908,6.742571678134146e-5
13909,1.0726818578849779e-4
13910,1.532402654121397e-5
13911,4.597207962364191e-6
13912,7.662013270606985e-6
13913,1.2105980967559036e-4
13914,4.597207962364191e-6
13915,1.532402654121397e-6
13917,1.0726818578849778e-5
13918,1.3791623887092572e-5
13919,3.064805308242794e-6
13920,1.3025422560031873e-4
13922,3.064805308242794e-6
13923,2.9115650428306543e-5
13924,6.129610616485588e-6
13925,1.3791623887092572e-5
13926,1.0726818578849778e-5
13927,3.064805308242794e-6
13928,7.202292474370565e-5
13929,3.064805308242794e-6
13930,1.532402654121397e-6
13931,3.064805308242794e-5
13932,3.064805308242794e-6
13933,9.50089645555266e-5
13934,1.1799500436734756e-4
13935,4.597207962364191e-6
13936,1.3791623887092572e-5
13937,6.129610616485588e-6
13938,6.129610616485588e-6
13939,7.662013270606985e-6
13940,4.597207962364191e-6
13942,4.597207962364191e-6
13943,1.6856429195335365e-5
13944,7.662013270606985e-6
13945,9.194415924728382e-6
13946,4.9036884931884704e-5
13947,2.1453637157699556e-5
13949,3.064805308242794e-6
13950,4.597207962364191e-6
13951,1.532402654121397e-6
13952,4.75044822777633e-5
13953,4.597207962364191e-6
13954,1.6856429195335365e-5
13955,1.532402654121397e-6
13956,7.662013270606985e-6
13957,6.129610616485588e-6
13958,6.129610616485588e-6
13959,2.2986039811820954e-5
13960,2.6050845120063747e-5
13961,1.2259221232971176e-5
13962,4.597207962364191e-6
13963,1.6856429195335365e-5
13964,6.129610616485588e-6
13965,6.129610616485588e-6
13966,1.3791623887092572e-5
13967,0.0010910706897344347
13968,3.064805308242794e-6
13969,1.532402654121397e-5
13970,7.049052208958426e-5
13971,4.597207962364191e-6
13972,3.064805308242794e-6
13973,2.513140352759091e-4
13974,4.597207962364191e-6
13975,2.4518442465942352e-5
13976,1.0726818578849778e-5
13977,6.742571678134146e-5
13978,2.2986039811820954e-5
13979,6.129610616485588e-6
13980,1.0726818578849778e-5
13981,1.8388831849456763e-5
13982,9.50089645555266e-5
13983,3.463229998314357e-4
13984,6.129610616485588e-6
13985,1.6856429195335365e-5
13986,6.129610616485588e-6
13987,4.597207962364191e-6
13988,1.3791623887092572e-5
13989,6.129610616485588e-6
13990,9.194415924728382e-6
13991,1.440458494874113e-4
13992,8.887935393904103e-5
13993,3.064805308242794e-6
13994,3.984246900715632e-5
13995,3.831006635303492e-5
13996,4.597207962364191e-6
13997,3.064805308242794e-6
13998,4.597207962364191e-6
13999,7.662013270606985e-6
14000,6.129610616485588e-6
14001,6.129610616485588e-6
14002,5.2101690240127493e-5
14003,1.0726818578849778e-5
14004,4.443967696952051e-5
14005,1.6856429195335365e-5
14006,5.8231300856613086e-5
14007,4.658504068529047e-4
14008,1.593698760286253e-4
14009,9.807376986376941e-5
14010,1.532402654121397e-6
14011,1.3791623887092572e-5
14012,4.597207962364191e-6
14013,4.597207962364191e-6
14014,3.064805308242794e-6
14015,4.597207962364191e-6
14016,7.662013270606985e-6
14017,1.992123450357816e-5
14018,3.6777663698913526e-5
14019,2.7583247774185145e-5
14020,6.742571678134146e-5
14021,9.194415924728382e-6
14022,5.2101690240127493e-5
14023,6.129610616485588e-6
14024,1.900179291110532e-4
14025,6.129610616485588e-6
14026,1.4251344683328991e-4
14027,1.2259221232971176e-5
14028,5.8231300856613086e-5
14029,1.6703188929923226e-4
14030,7.662013270606984e-5
14031,3.2180455736549336e-5
14032,7.662013270606985e-6
14033,1.0726818578849778e-5
14034,6.129610616485588e-6
14035,1.532402654121397e-6
14036,6.129610616485588e-6
14037,1.2259221232971176e-5
14038,2.4518442465942352e-5
14039,7.662013270606985e-6
14040,7.662013270606985e-6
14041,6.129610616485588e-6
14042,1.2259221232971176e-5
14043,1.3791623887092572e-5
14044,4.597207962364191e-5
14045,9.194415924728382e-6
14046,1.532402654121397e-5
14048,4.597207962364191e-6
14049,1.8388831849456763e-5
14050,4.597207962364191e-6
14051,9.194415924728382e-6
14052,1.2259221232971176e-5
14053,2.2986039811820954e-5
14054,1.8388831849456763e-5
14055,3.064805308242794e-6
14056,7.662013270606985e-6
14057,4.597207962364191e-6
14058,2.9115650428306543e-5
14059,4.597207962364191e-6
14060,1.0726818578849778e-5
14061,4.597207962364191e-6
14062,1.2259221232971176e-5
14063,7.662013270606985e-6
14064,1.532402654121397e-6
14065,4.9036884931884704e-5
14066,1.532402654121397e-6
14067,4.75044822777633e-5
14068,4.597207962364191e-6
14069,3.064805308242794e-6
14070,6.129610616485588e-6
14071,4.597207962364191e-6
14072,3.984246900715632e-5
14073,8.274974332255543e-5
14074,4.597207962364191e-6
14075,3.064805308242794e-6
14076,1.3791623887092572e-5
14077,2.1453637157699556e-5
14078,4.597207962364191e-6
14079,3.064805308242794e-6
14080,1.532402654121397e-6
14081,3.064805308242794e-6
14082,5.976370351073448e-5
14083,5.976370351073448e-5
14084,6.129610616485588e-6
14085,1.8388831849456763e-5
14086,3.064805308242794e-5
14087,4.597207962364191e-6
14088,3.524526104479213e-5
14089,7.662013270606985e-6
14090,1.532402654121397e-6
14091,9.194415924728382e-6
14092,9.194415924728382e-6
14093,1.992123450357816e-5
14094,1.532402654121397e-6
14095,6.129610616485588e-6
14096,1.2259221232971176e-5
14098,3.064805308242794e-6
14099,2.1453637157699556e-5
14100,4.597207962364191e-6
14101,1.532402654121397e-6
14102,1.563050707203825e-4
14103,2.2986039811820954e-5
14104,4.597207962364191e-6
14105,1.0880058844261918e-4
14106,6.129610616485588e-6
14107,1.0726818578849778e-5
14109,3.064805308242794e-6
14110,1.532402654121397e-6
14111,4.597207962364191e-6
14112,3.984246900715632e-5
14113,2.9115650428306543e-5
14114,1.3791623887092572e-5
14115,2.4518442465942352e-5
14116,9.194415924728382e-6
14117,4.9036884931884704e-5
14118,1.2259221232971176e-5
14119,9.57751658825873e-4
14120,7.815253536019124e-5
14121,1.532402654121397e-6
14122,3.371285839067073e-5
14123,3.524526104479213e-5
14124,1.532402654121397e-6
14125,1.5324026541213968e-4
14126,3.2180455736549336e-5
14127,1.532402654121397e-6
14128,7.968493801431264e-4
14130,2.053419556522672e-4
14131,8.581454863079822e-5
14132,1.8388831849456763e-5
14133,9.194415924728382e-6
14134,8.121734066843403e-5
14135,4.597207962364191e-6
14136,1.0726818578849778e-5
14137,1.2259221232971176e-5
14138,4.597207962364191e-6
14139,1.3791623887092572e-4
14140,1.532402654121397e-6
14141,1.1186539375086198e-4
14142,1.8388831849456763e-5
14143,9.194415924728382e-6
14144,7.355532739782705e-5
14145,2.6970286712536584e-4
14146,7.815253536019124e-5
14147,1.0726818578849778e-5
14148,4.597207962364191e-6
14149,4.597207962364191e-6
14150,9.194415924728382e-6
14151,5.94572229799102e-4
14152,7.662013270606985e-6
14153,2.1453637157699556e-5
14154,1.2718942029207595e-4
14155,6.436091147309867e-5
14156,1.0880058844261918e-4
14157,1.532402654121397e-6
14159,4.597207962364191e-6
14160,4.597207962364191e-5
14161,9.194415924728382e-6
14162,6.129610616485588e-6
14163,3.187397520572506e-4
14164,9.6541367209648e-5
14166,4.597207962364191e-6
14167,5.516649554837029e-5
14168,1.0726818578849778e-5
14169,7.662013270606985e-6
14170,2.2986039811820954e-5
14172,3.064805308242794e-6
14173,7.662013270606985e-6
14174,6.129610616485588e-6
14175,3.064805308242794e-6
14176,5.8231300856613086e-5
14177,8.581454863079822e-5
14178,1.8388831849456763e-5
14179,3.064805308242794e-6
14180,4.597207962364191e-6
14181,1.532402654121397e-5
14182,6.129610616485588e-6
14183,1.532402654121397e-6
14184,7.662013270606985e-6
14185,2.1300396892287416e-4
14186,4.597207962364191e-6
14188,1.2259221232971176e-5
14189,7.049052208958426e-5
14190,4.290727431539911e-5
14191,1.532402654121397e-5
14192,1.532402654121397e-6
14193,3.064805308242794e-6
14194,1.2259221232971176e-5
14195,6.129610616485588e-6
14196,3.064805308242794e-5
14197,6.129610616485588e-6
14198,1.6856429195335365e-5
14200,6.129610616485588e-6
14201,1.532402654121397e-6
14202,7.662013270606985e-6
14203,1.532402654121397e-6
14204,3.064805308242794e-6
14205,9.194415924728382e-6
14206,9.194415924728382e-6
14207,9.194415924728382e-6
14208,5.838454112202522e-4
14209,3.064805308242794e-6
14210,6.129610616485588e-6
14211,1.6856429195335365e-5
14213,4.597207962364191e-6
14214,9.194415924728382e-6
14215,2.0687435830638859e-4
14216,1.3791623887092572e-5
14217,9.6541367209648e-5
14218,2.7583247774185145e-5
14219,1.6856429195335365e-5
14220,5.2101690240127493e-5
14221,1.6856429195335365e-5
14222,4.597207962364191e-6
14223,3.064805308242794e-6
14224,1.2259221232971176e-5
14225,1.0726818578849778e-5
14227,1.532402654121397e-6
14228,2.2986039811820954e-5
14229,4.597207962364191e-6
14230,5.2101690240127493e-5
14231,3.371285839067073e-5
14232,1.2259221232971176e-5
14233,6.129610616485588e-6
14234,4.597207962364191e-6
14235,4.597207962364191e-6
14236,7.662013270606985e-6
14237,1.992123450357816e-5
14238,6.129610616485588e-6
14239,1.3791623887092572e-5
14240,1.0726818578849778e-5
14241,3.064805308242794e-6
14242,9.194415924728382e-6
14243,4.597207962364191e-6
14244,2.9115650428306543e-5
14245,1.532402654121397e-5
14246,0.0011998712781770538
14247,4.597207962364191e-6
14248,1.2259221232971176e-5
14249,6.129610616485588e-6
14250,1.2105980967559036e-4
14251,1.992123450357816e-5
14252,1.6549948664511087e-4
14253,1.0726818578849778e-5
14254,3.064805308242794e-5
14255,1.532402654121397e-6
14257,8.887935393904103e-5
14258,2.6050845120063747e-5
14259,1.532402654121397e-6
14260,1.6549948664511087e-4
14261,1.6856429195335365e-5
14262,1.6856429195335365e-5
14263,3.064805308242794e-5
14264,1.2565701763795454e-4
14265,1.563050707203825e-4
14266,1.0726818578849778e-5
14267,3.064805308242794e-6
14268,6.129610616485588e-6
14269,1.2259221232971176e-5
14270,4.597207962364191e-6
14271,1.532402654121397e-6
14272,3.064805308242794e-6
14273,5.8231300856613086e-5
14274,2.2986039811820954e-5
14275,3.064805308242794e-6
14276,9.194415924728382e-6
14277,9.194415924728382e-6
14278,2.2986039811820954e-5
14279,7.662013270606985e-6
14280,4.597207962364191e-6
14281,2.9115650428306543e-5
14282,1.3791623887092572e-5
14283,1.532402654121397e-5
14284,6.129610616485588e-6
14285,3.064805308242794e-6
14286,7.662013270606985e-6
14287,1.3791623887092572e-5
14288,1.4251344683328991e-4
14289,1.532402654121397e-6
14290,3.064805308242794e-6
14291,5.516649554837029e-5
14292,4.597207962364191e-6
14293,2.528464379300305e-4
14294,1.532402654121397e-5
14295,4.597207962364191e-6
14296,2.6050845120063747e-5
14297,1.5324026541213968e-4
14298,7.662013270606985e-6
14299,1.532402654121397e-5
14300,3.6777663698913526e-5
14301,1.532402654121397e-6
14302,4.597207962364191e-6
14303,2.4518442465942352e-5
14304,1.0726818578849778e-5
14305,1.3791623887092572e-5
14306,4.597207962364191e-6
14307,1.6090227868274668e-4
14308,1.2259221232971176e-5
14309,1.532402654121397e-5
14310,1.1339779640498337e-4
14311,7.662013270606985e-6
14313,3.064805308242794e-6
14314,3.064805308242794e-6
14315,5.3634092894248895e-5
14316,1.2259221232971176e-5
14317,3.064805308242794e-6
14318,2.1147156626875278e-4
14319,2.9115650428306543e-5
14320,1.0726818578849778e-5
14321,3.064805308242794e-6
14322,1.0726818578849778e-5
14323,7.662013270606985e-6
14324,3.831006635303492e-5
14325,1.532402654121397e-6
14326,4.75044822777633e-5
14327,9.194415924728382e-6
14328,6.129610616485588e-6
14329,1.532402654121397e-6
14330,1.2259221232971176e-5
14331,3.064805308242794e-6
14332,4.597207962364191e-6
14333,1.2259221232971176e-5
14334,4.597207962364191e-6
14335,9.194415924728382e-6
14336,6.129610616485588e-6
14337,1.2259221232971176e-5
14338,1.2259221232971176e-5
14339,1.532402654121397e-6
14340,9.194415924728382e-6
14341,1.532402654121397e-6
14342,3.064805308242794e-6
14343,2.1453637157699556e-5
14344,4.597207962364191e-6
14345,2.467168273135449e-4
14346,9.041175659316241e-5
14347,2.1606877423111697e-4
14348,6.129610616485588e-6
14349,1.0726818578849778e-5
14350,9.194415924728382e-6
14351,3.064805308242794e-6
14352,4.597207962364191e-6
14353,1.0726818578849778e-5
14354,1.2259221232971176e-5
14355,1.532402654121397e-5
14356,9.041175659316241e-5
14357,2.6663806181712307e-4
14358,2.4518442465942352e-5
14359,6.129610616485588e-6
14360,0.0021131832600334065
14361,6.129610616485588e-6
14362,2.2986039811820954e-5
14363,2.4518442465942352e-5
14365,3.064805308242794e-6
14366,5.2101690240127493e-5
14367,1.2259221232971176e-5
14368,2.497816326217877e-4
14369,7.202292474370565e-5
14370,3.6777663698913526e-5
14371,1.532402654121397e-5
14372,2.6050845120063747e-5
14373,3.064805308242794e-6
14374,7.340208713241492e-4
14375,1.532402654121397e-6
14376,3.064805308242794e-6
14378,9.194415924728382e-6
14379,9.194415924728382e-6
14380,5.256141103636391e-4
14381,9.194415924728382e-6
14382,3.831006635303492e-5
14383,3.984246900715632e-5
14384,1.992123450357816e-5
14385,2.1147156626875278e-4
14386,1.7162909726159645e-4
14387,2.1453637157699556e-5
14388,6.282850881897727e-5
14389,7.662013270606985e-6
14390,2.1453637157699556e-5
14391,7.662013270606985e-6
14392,3.064805308242794e-6
14393,3.984246900715632e-5
14394,1.532402654121397e-6
14395,1.0726818578849778e-5
14396,1.1033299109674058e-4
14397,1.3791623887092572e-5
14398,6.129610616485588e-6
14399,1.6856429195335365e-5
14400,3.064805308242794e-6
14401,7.662013270606985e-6
14402,4.597207962364191e-6
14403,3.831006635303492e-5
14404,1.2259221232971176e-5
14405,1.2259221232971176e-5
14406,3.401933892149501e-4
14407,4.597207962364191e-6
14409,2.2986039811820954e-5
14410,2.6050845120063747e-5
14411,9.194415924728382e-6
14413,3.064805308242794e-6
14414,4.597207962364191e-6
14415,1.2259221232971176e-5
14416,3.064805308242794e-6
14417,3.524526104479213e-5
14418,1.532402654121397e-6
14419,7.662013270606985e-6
14420,3.064805308242794e-6
14421,1.3791623887092572e-5
14422,3.984246900715632e-5
14423,5.05692875860061e-5
14424,7.508773005194845e-5
14425,1.532402654121397e-6
14426,5.6698898202491684e-5
14427,1.900179291110532e-4
14428,1.532402654121397e-6
14429,2.9115650428306543e-5
14430,2.4518442465942352e-5
14431,1.6856429195335365e-5
14433,7.662013270606985e-6
14434,6.129610616485588e-6
14435,1.532402654121397e-6
14436,7.662013270606985e-6
14437,2.9115650428306543e-5
14438,3.064805308242794e-6
14439,4.597207962364191e-6
14440,3.064805308242794e-6
14441,1.2259221232971176e-5
14442,7.662013270606985e-6
14443,1.532402654121397e-6
14444,4.597207962364191e-6
14446,1.6856429195335365e-5
14448,3.064805308242794e-6
14449,1.0726818578849778e-5
14450,1.8695312380281043e-4
14451,1.532402654121397e-6
14452,9.194415924728382e-6
14453,7.662013270606985e-6
14454,3.984246900715632e-5
14455,4.597207962364191e-6
14456,1.0726818578849778e-5
14457,7.662013270606985e-6
14458,1.532402654121397e-5
14459,7.662013270606985e-6
14460,3.064805308242794e-6
14461,3.064805308242794e-6
14462,9.194415924728382e-6
14463,9.194415924728382e-6
14464,1.532402654121397e-6
14465,1.2259221232971176e-5
14466,1.8388831849456763e-5
14467,9.194415924728382e-6
14468,1.6856429195335365e-5
14469,3.064805308242794e-6
14470,1.2259221232971176e-5
14471,7.662013270606985e-6
14472,1.532402654121397e-5
14473,6.129610616485588e-6
14474,1.0726818578849778e-5
14475,2.4518442465942352e-5
14476,4.1374871661277717e-4
14477,5.2101690240127493e-5
14478,6.619979465804435e-4
14479,6.436091147309867e-5
14480,3.064805308242794e-5
14481,1.2259221232971176e-5
14482,9.194415924728382e-5
14483,4.597207962364191e-6
14485,1.6856429195335365e-5
14486,3.831006635303492e-5
14487,6.129610616485588e-6
14488,7.662013270606985e-6
14489,1.532402654121397e-6
14490,4.597207962364191e-6
14491,3.064805308242794e-6
14492,7.662013270606984e-5
14493,4.597207962364191e-6
14494,3.371285839067073e-5
14495,1.532402654121397e-6
14496,1.3791623887092572e-5
14497,1.0726818578849778e-5
14498,3.064805308242794e-6
14499,9.194415924728382e-6
14500,3.371285839067073e-5
14501,5.8231300856613086e-5
14503,3.064805308242794e-6
14504,3.064805308242794e-6
14505,2.6050845120063747e-5
14506,2.2986039811820954e-5
14507,3.2180455736549336e-5
14508,7.662013270606985e-6
14509,8.887935393904103e-5
14510,7.355532739782705e-5
14511,4.597207962364191e-6
14512,3.6777663698913526e-5
14514,1.2259221232971176e-5
14515,6.129610616485588e-6
14516,1.6856429195335365e-5
14517,1.532402654121397e-6
14518,3.064805308242794e-6
14519,1.3791623887092572e-5
14520,1.6856429195335365e-5
14521,7.662013270606985e-6
14522,7.355532739782705e-5
14523,1.992123450357816e-5
14524,3.984246900715632e-5
14525,3.064805308242794e-6
14526,1.532402654121397e-5
14527,3.064805308242794e-6
14528,9.194415924728382e-6
14529,1.6856429195335365e-5
14530,4.597207962364191e-6
14531,6.129610616485588e-6
14532,3.064805308242794e-6
14533,6.129610616485588e-6
14534,2.2986039811820954e-5
14535,1.532402654121397e-5
14536,7.9684938014312645e-05
14537,1.6856429195335365e-5
14538,1.992123450357816e-5
14539,1.1799500436734756e-4
14540,1.532402654121397e-6
14542,9.194415924728382e-6
14543,7.662013270606985e-6
14544,6.282850881897727e-5
14545,3.064805308242794e-6
14546,1.992123450357816e-5
14547,4.597207962364191e-6
14548,7.662013270606985e-6
14549,7.662013270606985e-6
14550,2.2986039811820954e-5
14551,1.8388831849456763e-5
14552,1.8388831849456763e-5
14553,3.064805308242794e-6
14554,0.0019905910477036946
14555,9.194415924728382e-6
14556,9.347656190140522e-5
14557,4.597207962364191e-6
14558,3.064805308242794e-6
14559,9.194415924728382e-6
14560,2.1453637157699556e-5
14561,1.0726818578849778e-5
14562,9.194415924728382e-6
14563,1.992123450357816e-5
14564,1.93082734419296e-4
14565,3.509202077937999e-4
14566,1.486430574497755e-4
14567,7.662013270606985e-6
14568,8.428214597667683e-4
14569,8.581454863079822e-5
14570,7.662013270606985e-6
14571,6.129610616485588e-6
14572,4.198783272292628e-4
14573,7.662013270606984e-5
14574,6.129610616485588e-6
14575,6.129610616485588e-5
14576,1.2259221232971176e-5
14577,1.2259221232971176e-5
14578,6.129610616485588e-6
14579,3.064805308242794e-5
14580,5.8231300856613086e-5
14581,1.3791623887092572e-5
14582,1.2412461498383315e-4
14583,5.2101690240127493e-5
14584,4.597207962364191e-6
14585,9.194415924728382e-6
14586,1.2259221232971176e-5
14587,1.8388831849456763e-5
14588,1.6856429195335365e-5
14589,3.2180455736549336e-5
14590,1.8388831849456763e-5
14591,1.8388831849456763e-5
14592,1.2259221232971176e-5
14593,1.026709778261336e-4
14594,3.064805308242794e-6
14595,5.3634092894248895e-5
14596,3.371285839067073e-5
14597,1.0726818578849778e-5
14598,2.1453637157699556e-5
14599,9.194415924728382e-6
14600,1.8388831849456763e-5
14601,6.129610616485588e-6
14602,1.1952740702146896e-4
14603,2.1453637157699556e-5
14604,1.3791623887092572e-5
14605,6.129610616485588e-6
14606,1.532402654121397e-6
14607,7.662013270606984e-5
14608,1.532402654121397e-6
14609,6.589331412722007e-5
14610,1.992123450357816e-5
14611,6.129610616485588e-6
14612,3.064805308242794e-6
14614,9.041175659316241e-5
14615,4.505263803116907e-4
14616,3.2180455736549336e-5
14617,7.662013270606985e-6
14618,1.3791623887092572e-5
14619,6.129610616485588e-6
14620,1.532402654121397e-5
14621,3.064805308242794e-5
14622,2.7583247774185145e-5
14623,1.0420338048025499e-4
14624,1.6856429195335365e-5
14625,9.194415924728382e-6
14626,6.129610616485588e-6
14627,9.194415924728382e-6
14628,1.8388831849456763e-5
14629,3.064805308242794e-6
14630,1.8388831849456763e-5
14631,1.8388831849456763e-5
14632,1.992123450357816e-5
14633,1.532402654121397e-5
14634,4.137487166127772e-5
14635,3.6777663698913526e-5
14636,7.662013270606985e-6
14637,1.532402654121397e-6
14638,1.532402654121397e-5
14639,4.367347564245981e-4
14640,2.4518442465942352e-5
14641,2.2986039811820954e-5
14642,7.202292474370565e-5
14643,4.597207962364191e-6
14644,1.532402654121397e-6
14645,6.129610616485588e-6
14646,1.0726818578849778e-5
14647,1.532402654121397e-6
14648,7.202292474370565e-5
14649,2.6050845120063747e-5
14650,4.597207962364191e-6
14651,1.3791623887092572e-5
14652,6.129610616485588e-6
14653,2.7583247774185145e-5
14654,1.3025422560031873e-4
14655,7.508773005194845e-5
14656,9.194415924728382e-6
14657,2.1453637157699556e-5
14658,1.6856429195335365e-5
14659,1.7622630522396064e-4
14660,1.0726818578849778e-5
14661,1.6856429195335365e-5
14662,2.6663806181712307e-4
14663,3.064805308242794e-6
14664,3.371285839067073e-5
14665,7.049052208958426e-5
14666,3.064805308242794e-6
14667,1.0726818578849778e-5
14668,4.597207962364191e-6
14669,7.662013270606985e-6
14671,5.6698898202491684e-5
14672,9.194415924728382e-6
14673,6.436091147309867e-5
14674,3.064805308242794e-6
14675,1.8388831849456763e-5
14676,1.946151370734174e-4
14677,4.597207962364191e-6
14678,3.831006635303492e-5
14679,3.064805308242794e-6
14680,6.129610616485588e-6
14681,1.2259221232971176e-5
14682,5.6698898202491684e-5
14683,6.742571678134146e-5
14684,8.734695128491963e-5
14685,4.597207962364191e-6
14686,6.129610616485588e-6
14687,9.194415924728382e-6
14688,4.597207962364191e-6
14689,2.6050845120063747e-5
14690,7.662013270606985e-6
14691,4.597207962364191e-6
14692,9.194415924728382e-6
14693,1.2259221232971176e-5
14694,1.532402654121397e-6
14695,3.647118316808925e-4
14696,6.129610616485588e-6
14697,7.662013270606985e-6
14698,3.064805308242794e-6
14699,1.532402654121397e-6
14700,3.064805308242794e-6
14701,1.1033299109674058e-4
14702,4.597207962364191e-6
14703,7.662013270606985e-6
14704,7.662013270606985e-6
14705,1.532402654121397e-5
14706,9.194415924728382e-6
14707,1.532402654121397e-5
14708,3.6777663698913526e-5
14709,2.4518442465942352e-5
14710,1.8388831849456763e-5
14711,2.1453637157699556e-5
14712,3.371285839067073e-5
14713,5.3634092894248895e-5
14714,7.662013270606985e-6
14715,4.597207962364191e-6
14716,1.3791623887092572e-5
14717,2.4518442465942352e-5
14718,4.597207962364191e-4
14719,7.662013270606985e-6
14720,1.3791623887092572e-5
14721,9.194415924728382e-6
14722,1.2259221232971176e-5
14723,4.597207962364191e-6
14724,2.1453637157699556e-5
14725,7.662013270606985e-6
14726,1.532402654121397e-5
14727,1.532402654121397e-6
14728,3.064805308242794e-6
14729,4.597207962364191e-6
14730,1.0880058844261918e-4
14731,6.129610616485588e-6
14732,7.662013270606985e-6
14733,1.8235591584044624e-4
14734,1.593698760286253e-4
14735,1.3178662825444015e-4
14736,7.386180792865134e-4
14737,1.532402654121397e-5
14738,6.129610616485588e-6
14739,4.597207962364191e-6
14740,3.064805308242794e-6
14741,2.9115650428306543e-5
14742,1.3791623887092572e-5
14743,3.2180455736549336e-5
14744,2.9115650428306543e-5
14745,1.532402654121397e-6
14746,1.2259221232971176e-5
14747,4.597207962364191e-6
14748,6.129610616485588e-6
14749,1.6856429195335365e-5
14750,6.589331412722007e-5
14751,4.597207962364191e-6
14752,1.0726818578849778e-5
14753,9.194415924728382e-6
14754,1.532402654121397e-6
14755,3.831006635303492e-5
14756,1.532402654121397e-5
14757,5.05692875860061e-5
14758,9.194415924728382e-6
14759,1.532402654121397e-6
14760,1.532402654121397e-5
14761,7.662013270606985e-6
14763,3.064805308242794e-6
14764,1.0420338048025499e-4
14765,3.524526104479213e-5
14766,1.992123450357816e-5
14767,8.274974332255543e-5
14768,6.129610616485588e-6
14769,2.9115650428306543e-5
14770,1.0726818578849778e-5
14771,7.662013270606985e-6
14772,1.0726818578849778e-5
14773,1.7622630522396064e-4
14774,1.532402654121397e-6
14775,3.064805308242794e-6
14776,3.2180455736549336e-5
14777,5.2101690240127493e-5
14778,4.597207962364191e-6
14779,3.371285839067073e-5
14780,1.2105980967559036e-4
14781,1.2259221232971176e-5
14782,7.662013270606985e-6
14783,3.064805308242794e-6
14784,4.597207962364191e-6
14785,5.3634092894248895e-5
14786,1.532402654121397e-6
14787,9.96061725178908e-5
14788,7.662013270606985e-6
14789,3.064805308242794e-5
14790,6.129610616485588e-6
14791,4.7351242012351165e-4
14792,1.976799423816602e-4
14793,1.501754601038969e-4
14794,6.282850881897727e-5
14795,1.440458494874113e-4
14796,3.064805308242794e-6
14797,1.532402654121397e-6
14798,1.8388831849456763e-5
14799,1.532402654121397e-5
14800,1.2259221232971176e-5
14801,4.597207962364191e-6
14802,4.597207962364191e-6
14803,3.984246900715632e-5
14804,6.129610616485588e-6
14805,4.597207962364191e-6
14806,1.532402654121397e-6
14807,1.3178662825444015e-4
14808,4.597207962364191e-6
14809,1.0726818578849778e-5
14810,1.532402654121397e-6
14811,1.992123450357816e-5
14812,6.129610616485588e-6
14813,7.662013270606985e-6
14814,6.129610616485588e-6
14815,1.0726818578849778e-5
14816,6.129610616485588e-6
14817,4.597207962364191e-6
14818,1.0726818578849778e-5
14819,3.2180455736549336e-5
14820,3.064805308242794e-6
14821,4.597207962364191e-6
14822,5.6698898202491684e-5
14823,4.137487166127772e-5
14824,1.6856429195335365e-5
14825,1.532402654121397e-6
14826,1.532402654121397e-6
14827,6.129610616485588e-6
14828,3.064805308242794e-5
14829,2.4518442465942352e-5
14830,7.815253536019124e-5
14831,1.6856429195335365e-5
14832,5.8231300856613086e-5
14833,4.597207962364191e-6
14834,6.129610616485588e-6
14835,6.129610616485588e-6
14836,3.064805308242794e-6
14837,6.129610616485588e-6
14838,7.202292474370565e-5
14839,4.597207962364191e-6
14840,2.1453637157699556e-5
14841,5.010956678976968e-4
14842,4.1681352192101995e-4
14843,4.597207962364191e-6
14844,3.907626768009562e-4
14845,0.0013285931011232511
14846,9.194415924728382e-6
14847,1.532402654121397e-6
14848,7.662013270606985e-6
14849,1.6856429195335365e-5
14850,9.194415924728382e-6
14851,3.064805308242794e-5
14852,1.3791623887092572e-5
14853,5.3634092894248895e-5
14854,9.194415924728382e-6
14855,2.1453637157699556e-5
14856,1.3791623887092572e-5
14857,3.064805308242794e-6
14859,4.5818839358229766e-4
14860,4.597207962364191e-6
14861,1.532402654121397e-6
14862,3.064805308242794e-6
14863,7.662013270606985e-6
14864,7.662013270606985e-6
14865,1.532402654121397e-6
14866,1.3178662825444015e-4
14867,1.394486415250471e-4
14868,4.290727431539911e-5
14869,1.532402654121397e-5
14871,1.2259221232971176e-5
14872,4.597207962364191e-6
14873,2.2986039811820954e-5
14874,4.597207962364191e-6
14875,6.129610616485588e-6
14876,1.0726818578849778e-5
14877,6.129610616485588e-6
14878,7.662013270606985e-6
14879,2.4518442465942352e-5
14880,1.532402654121397e-6
14881,1.6856429195335365e-5
14882,4.597207962364191e-6
14883,1.532402654121397e-6
14884,4.597207962364191e-6
14885,3.064805308242794e-6
14886,1.532402654121397e-6
14888,9.194415924728382e-6
14889,4.597207962364191e-6
14890,7.662013270606985e-6
14891,6.129610616485588e-6
14892,6.129610616485588e-6
14893,1.532402654121397e-5
14894,4.597207962364191e-5
14895,6.129610616485588e-6
14896,9.194415924728382e-6
14897,1.992123450357816e-5
14898,1.532402654121397e-6
14899,3.064805308242794e-5
14900,9.194415924728382e-6
14901,4.597207962364191e-6
14902,9.194415924728382e-6
14903,4.75044822777633e-5
14904,1.3791623887092572e-5
14905,1.532402654121397e-6
14906,2.0840676096050997e-4
14907,8.121734066843403e-5
14908,6.129610616485588e-6
14909,4.597207962364191e-5
14910,3.524526104479213e-5
14911,3.064805308242794e-6
14912,9.194415924728382e-6
14913,6.129610616485588e-5
14915,1.532402654121397e-6
14916,9.194415924728382e-6
14917,1.2259221232971176e-5
14918,2.1453637157699556e-5
14919,1.2259221232971176e-4
14920,6.129610616485588e-6
14921,7.662013270606985e-6
14922,7.355532739782705e-5
14923,1.6856429195335365e-5
14924,6.742571678134146e-5
14925,3.064805308242794e-6
14926,1.992123450357816e-5
14927,4.597207962364191e-6
14928,1.1339779640498337e-4
14929,4.9036884931884704e-5
14930,4.597207962364191e-6
14931,7.662013270606984e-5
14932,7.662013270606985e-6
14933,1.532402654121397e-6
14934,2.7583247774185145e-5
14935,6.129610616485588e-6
14936,4.597207962364191e-6
14937,2.2219838484760255e-4
14938,3.064805308242794e-6
14940,9.194415924728382e-6
14941,1.532402654121397e-6
14942,1.6856429195335365e-5
14943,6.129610616485588e-6
14944,1.532402654121397e-6
14945,1.532402654121397e-6
14946,7.662013270606985e-6
14947,2.2986039811820954e-5
14948,2.1453637157699556e-5
14949,4.597207962364191e-6
14950,3.064805308242794e-6
14952,3.064805308242794e-6
14953,9.194415924728382e-6
14954,4.597207962364191e-6
14955,7.662013270606985e-6
14956,7.662013270606985e-6
14957,8.734695128491963e-5
14958,3.064805308242794e-6
14959,3.064805308242794e-6
14960,1.532402654121397e-6
14961,1.992123450357816e-5
14962,1.532402654121397e-6
14963,3.064805308242794e-6
14964,7.662013270606985e-6
14965,2.4518442465942352e-5
14966,6.282850881897727e-5
14967,5.05692875860061e-5
14968,6.129610616485588e-6
14969,2.7583247774185145e-5
14970,1.0726818578849778e-5
14971,1.2259221232971176e-5
14972,4.8423923870236145e-4
14973,5.8231300856613086e-5
14974,6.129610616485588e-6
14975,1.2259221232971176e-5
14976,2.2986039811820954e-4
14977,1.3791623887092572e-5
14978,3.064805308242794e-6
14979,6.129610616485588e-6
14980,6.129610616485588e-6
14981,5.976370351073448e-5
14982,4.597207962364191e-6
14983,3.064805308242794e-6
14984,4.597207962364191e-6
14985,4.137487166127772e-5
14986,1.3791623887092572e-5
14987,6.129610616485588e-6
14988,8.428214597667684e-5
14989,1.6856429195335365e-5
14990,2.4518442465942352e-5
14991,7.9684938014312645e-05
14992,1.532402654121397e-6
14993,1.3791623887092572e-5
14994,2.1453637157699556e-5
14995,1.3791623887092572e-5
14996,9.194415924728382e-6
14997,0.0014159400524081708
14998,1.3791623887092572e-5
14999,1.8388831849456763e-5
15000,1.8388831849456763e-5
15001,7.049052208958426e-5
15002,1.532402654121397e-6
15003,0.0014021484285210782
15004,7.9684938014312645e-05
15005,3.064805308242794e-6
15006,3.064805308242794e-6
15007,1.532402654121397e-5
15008,2.2986039811820954e-5
15009,3.3712858390670734e-4
15010,4.137487166127772e-5
15011,4.597207962364191e-6
15012,2.0840676096050997e-4
15013,4.597207962364191e-6
15014,4.137487166127772e-5
15015,3.6164702637264966e-4
15016,4.137487166127772e-5
15017,6.129610616485588e-6
15018,1.8388831849456763e-5
15019,1.532402654121397e-6
15020,3.064805308242794e-6
15021,1.0726818578849778e-5
15022,3.064805308242794e-6
15023,4.597207962364191e-6
15024,3.6777663698913526e-5
15025,7.049052208958426e-5
15026,1.532402654121397e-6
15027,1.3791623887092572e-5
15028,3.6777663698913526e-5
15029,4.597207962364191e-6
15030,7.662013270606985e-6
15031,6.129610616485588e-6
15032,8.887935393904103e-5
15033,4.443967696952051e-5
15034,5.05692875860061e-5
15035,6.129610616485588e-6
15036,6.129610616485588e-6
15037,1.3791623887092572e-5
15039,3.064805308242794e-6
15040,1.8388831849456763e-5
15041,6.129610616485588e-6
15042,8.274974332255543e-4
15043,4.597207962364191e-6
15044,6.129610616485588e-6
15045,1.0726818578849778e-5
15046,3.064805308242794e-6
15047,1.3791623887092572e-4
15048,6.129610616485588e-6
15049,1.992123450357816e-5
15050,1.992123450357816e-5
15051,2.6050845120063747e-5
15052,1.3791623887092572e-5
15053,5.2101690240127493e-5
15054,2.7123526977948726e-4
15055,2.022771503440244e-4
15056,2.9115650428306543e-5
15057,4.290727431539911e-5
15058,1.8388831849456763e-5
15059,2.6050845120063747e-5
15060,3.064805308242794e-6
15061,1.2259221232971176e-5
15062,4.597207962364191e-6
15063,1.0726818578849778e-5
15064,1.532402654121397e-6
15065,1.0726818578849778e-5
15066,3.2180455736549336e-5
15068,9.194415924728382e-6
15069,7.662013270606985e-6
15070,1.6856429195335365e-5
15071,4.597207962364191e-6
15072,1.2259221232971176e-5
15073,4.597207962364191e-6
15074,7.662013270606985e-6
15075,1.011385751720122e-4
15076,4.597207962364191e-6
15077,1.532402654121397e-6
15078,3.064805308242794e-6
15079,4.137487166127772e-5
15080,7.662013270606985e-6
15081,4.597207962364191e-6
15082,6.129610616485588e-6
15083,3.371285839067073e-5
15084,9.194415924728382e-6
15085,4.597207962364191e-6
15086,1.3791623887092572e-5
15087,1.532402654121397e-5
15088,1.532402654121397e-6
15089,6.129610616485588e-6
15090,2.2526319015584535e-4
15091,3.984246900715632e-5
15092,4.597207962364191e-6
15093,4.597207962364191e-6
15094,9.194415924728382e-6
15095,6.895811943546286e-5
15096,7.662013270606985e-6
15097,1.7775870787808205e-4
15098,1.992123450357816e-5
15099,4.597207962364191e-6
15100,1.2259221232971176e-5
15101,6.129610616485588e-6
15102,4.597207962364191e-6
15103,1.0726818578849778e-5
15104,2.4518442465942352e-5
15105,1.0726818578849778e-5
15106,4.597207962364191e-6
15107,3.2180455736549336e-5
15108,6.436091147309867e-5
15109,8.887935393904103e-5
15110,9.194415924728382e-6
15111,2.2986039811820954e-5
15112,4.597207962364191e-6
15113,4.597207962364191e-6
15114,6.129610616485588e-6
15115,2.6050845120063747e-5
15116,3.064805308242794e-6
15117,1.532402654121397e-5
15118,7.662013270606985e-6
15119,4.597207962364191e-6
15120,4.597207962364191e-6
15121,1.992123450357816e-5
15122,4.597207962364191e-6
15123,1.2259221232971176e-5
15124,3.2180455736549336e-5
15125,6.129610616485588e-6
15126,4.597207962364191e-6
15127,4.597207962364191e-6
15128,1.532402654121397e-6
15129,2.1453637157699556e-5
15130,4.597207962364191e-6
15131,1.2872182294619734e-4
15132,4.597207962364191e-6
15133,3.064805308242794e-6
15134,7.018404155875998e-4
15135,3.2180455736549336e-5
15136,1.3791623887092572e-5
15137,1.992123450357816e-5
15138,5.05692875860061e-5
15139,2.8655929632070124e-4
15140,4.597207962364191e-6
15141,4.597207962364191e-6
15142,1.2259221232971176e-5
15143,5.516649554837029e-5
15144,1.992123450357816e-5
15145,2.4518442465942352e-5
15146,2.4518442465942352e-5
15147,1.3791623887092572e-5
15148,7.662013270606985e-6
15149,6.129610616485588e-6
15150,1.7316149991571786e-4
15151,7.662013270606985e-6
15152,9.194415924728382e-6
15153,3.064805308242794e-5
15154,1.992123450357816e-5
15155,1.992123450357816e-5
15156,1.532402654121397e-5
15157,3.984246900715632e-5
15158,3.064805308242794e-6
15159,4.597207962364191e-6
15160,4.597207962364191e-6
15161,6.129610616485588e-6
15162,3.064805308242794e-6
15163,6.129610616485588e-6
15164,3.064805308242794e-6
15165,7.815253536019124e-5
15166,5.6698898202491684e-5
15167,3.064805308242794e-6
15168,1.532402654121397e-6
15169,4.137487166127772e-5
15170,1.532402654121397e-6
15171,2.3599000873469512e-4
15172,2.6050845120063747e-5
15173,1.6856429195335367e-4
15174,2.1453637157699556e-5
15175,3.371285839067073e-5
15176,1.0726818578849778e-5
15177,1.6856429195335365e-5
15178,7.662013270606985e-6
15179,1.0726818578849778e-5
15180,1.532402654121397e-6
15181,1.0726818578849778e-5
15182,3.6777663698913526e-5
15183,1.532402654121397e-6
15184,4.597207962364191e-6
15185,7.662013270606985e-6
15186,2.9115650428306543e-5
15187,1.2259221232971176e-5
15188,2.6050845120063747e-5
15189,3.064805308242794e-5
15190,7.662013270606985e-6
15191,1.0726818578849778e-5
15192,3.064805308242794e-6
15193,1.532402654121397e-6
15194,4.597207962364191e-6
15195,1.532402654121397e-6
15196,1.8388831849456763e-5
15197,2.3292520342645234e-4
15198,1.2259221232971176e-5
15199,8.581454863079822e-5
15200,9.194415924728382e-6
15201,6.742571678134146e-5
15202,2.7583247774185145e-5
15203,2.6050845120063747e-5
15204,6.129610616485588e-6
15205,2.9115650428306543e-5
15206,1.0726818578849778e-5
15207,7.662013270606985e-6
15208,1.0726818578849778e-5
15209,0.0019522809813506596
15210,3.831006635303492e-5
15211,1.6856429195335365e-5
15212,6.129610616485588e-6
15213,4.030218980339274e-4
15214,3.064805308242794e-6
15215,2.4518442465942352e-5
15216,2.053419556522672e-4
15217,7.539421058277273e-4
15218,1.2259221232971176e-5
15219,9.194415924728382e-6
15220,1.0726818578849778e-5
15221,1.8388831849456763e-5
15222,0.00015783747337450388
15223,1.8082351318632483e-4
15224,6.129610616485588e-6
15225,3.371285839067073e-5
15226,6.895811943546286e-5
15227,3.064805308242794e-5
15228,3.064805308242794e-6
15229,7.662013270606984e-5
15230,5.976370351073448e-5
15231,3.831006635303492e-5
15232,9.194415924728382e-6
15233,1.0726818578849778e-5
15234,6.129610616485588e-6
15235,9.347656190140522e-5
15236,5.608593714084313e-4
15237,2.9115650428306544e-4
15238,1.8388831849456763e-5
15239,3.0648053082427937e-4
15240,6.129610616485588e-6
15241,7.662013270606985e-6
15242,6.129610616485588e-6
15243,3.064805308242794e-6
15244,2.1453637157699556e-5
15245,6.129610616485588e-6
15246,1.3791623887092572e-5
15247,1.6856429195335365e-5
15248,1.3791623887092572e-5
15249,1.532402654121397e-6
15250,4.597207962364191e-6
15251,2.1453637157699556e-5
15252,6.129610616485588e-6
15253,4.597207962364191e-6
15254,3.064805308242794e-6
15255,7.355532739782705e-5
15256,1.532402654121397e-6
15257,1.6856429195335365e-5
15258,2.4518442465942352e-5
15259,1.532402654121397e-6
15260,5.976370351073448e-5
15261,1.8388831849456763e-5
15262,2.3445760608057373e-4
15263,4.2141072988338414e-4
15264,6.129610616485588e-6
15265,1.2259221232971176e-5
15266,8.428214597667684e-5
15267,2.5591124323827327e-4
15268,0.001255037773725424
15269,6.895811943546286e-5
15270,1.8388831849456763e-5
15271,3.064805308242794e-6
15272,7.662013270606985e-6
15273,9.194415924728382e-6
15274,7.662013270606985e-6
15275,1.532402654121397e-5
15276,9.194415924728382e-6
15277,1.6856429195335365e-5
15278,2.7583247774185145e-5
15279,1.3791623887092572e-5
15280,3.064805308242794e-6
15282,1.2259221232971176e-5
15283,5.8231300856613086e-5
15284,6.129610616485588e-6
15285,6.129610616485588e-6
15286,3.064805308242794e-6
15287,4.597207962364191e-6
15288,4.597207962364191e-6
15289,4.597207962364191e-6
15290,3.984246900715632e-5
15291,1.532402654121397e-5
15292,1.532402654121397e-6
15293,6.129610616485588e-6
15294,3.6777663698913526e-5
15295,3.064805308242794e-6
15296,1.0726818578849778e-5
15297,1.532402654121397e-6
15299,6.129610616485588e-6
15300,1.532402654121397e-6
15301,0.0010313069862237002
15302,1.3485143356268292e-4
15303,0.0014695741453024196
15304,2.5591124323827327e-4
15305,1.8388831849456763e-5
15306,1.6856429195335365e-5
15307,1.532402654121397e-6
15308,7.662013270606985e-6
15310,3.064805308242794e-6
15311,1.440458494874113e-4
15312,8.121734066843403e-5
15314,4.597207962364191e-5
15315,1.2259221232971176e-5
15316,4.9036884931884704e-5
15317,3.064805308242794e-6
15318,4.597207962364191e-6
15319,1.6856429195335365e-5
15320,2.4518442465942352e-5
15321,3.2180455736549336e-5
15322,2.2986039811820954e-5
15323,6.129610616485588e-6
15324,3.064805308242794e-5
15325,1.0726818578849778e-5
15326,1.532402654121397e-5
15327,2.9115650428306543e-5
15328,6.129610616485588e-6
15329,3.064805308242794e-6
15330,3.064805308242794e-6
15331,1.532402654121397e-5
15332,2.4518442465942352e-5
15333,1.6856429195335365e-5
15334,6.129610616485588e-5
15335,3.064805308242794e-6
15336,3.371285839067073e-5
15337,6.129610616485588e-6
15338,3.064805308242794e-6
15339,7.662013270606985e-6
15340,1.0726818578849778e-5
15341,3.064805308242794e-6
15342,7.662013270606985e-6
15343,7.662013270606985e-6
15344,1.532402654121397e-6
15345,3.371285839067073e-5
15346,9.194415924728382e-6
15347,6.742571678134146e-5
15348,4.0761910599629157e-4
15349,6.129610616485588e-6
15351,7.662013270606985e-6
15352,1.532402654121397e-6
15353,8.274974332255543e-4
15354,9.715432827129656e-4
15355,4.1681352192101995e-4
15356,1.992123450357816e-5
15357,9.194415924728382e-6
15358,1.532402654121397e-6
15359,3.984246900715632e-5
15360,1.517078627580183e-4
15361,1.532402654121397e-6
15362,6.129610616485588e-6
15363,4.597207962364191e-6
15365,4.597207962364191e-6
15366,3.2180455736549336e-5
15367,1.0726818578849778e-5
15368,5.976370351073448e-5
15369,1.532402654121397e-5
15371,6.129610616485588e-6
15372,1.532402654121397e-5
15373,1.4098104417916853e-4
15374,9.6541367209648e-5
15375,6.129610616485588e-6
15376,5.05692875860061e-5
15377,1.0420338048025499e-4
15378,1.3791623887092572e-5
15379,1.3791623887092572e-5
15380,1.3791623887092572e-5
15381,2.2986039811820954e-5
15382,9.194415924728382e-6
15383,6.129610616485588e-6
15384,9.194415924728382e-6
15385,4.597207962364191e-6
15386,9.194415924728382e-6
15387,4.597207962364191e-6
15388,4.597207962364191e-5
15389,1.563050707203825e-4
15390,3.371285839067073e-5
15391,6.129610616485588e-6
15392,1.0726818578849778e-5
15393,1.471106547956541e-4
15394,4.597207962364191e-6
15395,5.516649554837029e-5
15396,1.532402654121397e-5
15397,4.597207962364191e-6
15398,7.9684938014312645e-05
15399,7.662013270606985e-6
15400,3.524526104479213e-5
15401,2.9115650428306543e-5
15402,6.129610616485588e-6
15403,4.597207962364191e-6
15404,1.532402654121397e-6
15405,3.064805308242794e-6
15406,1.3791623887092572e-5
15407,3.371285839067073e-5
15408,9.194415924728382e-6
15409,7.662013270606985e-6
15410,1.3791623887092572e-5
15411,3.064805308242794e-6
15412,6.129610616485588e-6
15413,1.0726818578849778e-5
15414,1.3791623887092572e-5
15415,6.129610616485588e-6
15416,1.532402654121397e-5
15417,1.8388831849456763e-5
15418,4.597207962364191e-6
15419,1.2259221232971176e-5
15420,1.0726818578849778e-5
15421,7.662013270606985e-6
15422,4.597207962364191e-6
15423,1.4557825214153272e-4
15424,2.4518442465942352e-5
15425,1.6856429195335365e-5
15426,5.516649554837029e-5
15427,6.129610616485588e-6
15428,1.6856429195335365e-5
15430,6.129610616485588e-6
15431,6.895811943546286e-5
15432,1.026709778261336e-4
15433,2.9115650428306543e-5
15434,3.984246900715632e-5
15435,1.3791623887092572e-5
15436,3.064805308242794e-6
15437,6.129610616485588e-6
15438,4.9036884931884704e-5
15439,7.662013270606985e-6
15440,7.662013270606985e-6
15441,9.194415924728382e-6
15442,2.6050845120063747e-5
15443,1.6856429195335365e-5
15444,1.2259221232971176e-5
15445,6.129610616485588e-6
15446,7.662013270606985e-6
15447,9.347656190140522e-5
15448,5.225493050553964e-4
15449,2.6050845120063747e-5
15450,1.3638383621680434e-4
15451,3.064805308242794e-6
15452,1.440458494874113e-4
15453,1.8388831849456763e-5
15454,4.597207962364191e-6
15455,1.532402654121397e-5
15456,7.049052208958426e-5
15457,1.0726818578849778e-5
15458,9.194415924728382e-5
15459,3.2180455736549336e-5
15460,7.662013270606985e-6
15461,4.597207962364191e-6
15462,1.532402654121397e-6
15463,2.7430007508773003e-4
15464,1.3791623887092572e-4
15465,6.129610616485588e-6
15466,3.064805308242794e-6
15467,2.6050845120063747e-5
15468,2.2986039811820954e-5
15469,4.290727431539911e-5
15470,3.064805308242794e-6
15471,1.3791623887092572e-5
15472,6.129610616485588e-6
15473,6.129610616485588e-6
15474,3.064805308242794e-6
15475,6.129610616485588e-6
15476,3.064805308242794e-6
15477,3.064805308242794e-6
15478,1.0726818578849778e-5
15479,1.2259221232971176e-5
15480,6.129610616485588e-6
15481,6.129610616485588e-6
15482,6.129610616485588e-6
15483,3.064805308242794e-6
15484,4.597207962364191e-6
15485,1.6856429195335365e-5
15486,7.9684938014312645e-05
15487,4.597207962364191e-6
15488,6.129610616485588e-6
15489,6.129610616485588e-6
15490,6.129610616485588e-6
15491,2.6050845120063747e-5
15492,3.003509202077938e-4
15493,6.129610616485588e-6
15494,1.6856429195335365e-5
15495,5.05692875860061e-5
15496,2.1453637157699556e-5
15497,1.0573578313437639e-4
15498,2.4518442465942352e-5
15499,4.290727431539911e-5
15500,4.443967696952051e-5
15501,4.597207962364191e-5
15502,7.662013270606985e-6
15503,4.597207962364191e-5
15504,3.371285839067073e-5
15505,3.064805308242794e-6
15506,7.049052208958426e-5
15507,7.049052208958426e-5
15508,2.4518442465942352e-5
15509,9.194415924728382e-6
15510,4.597207962364191e-6
15511,6.129610616485588e-6
15512,1.517078627580183e-4
15513,1.8388831849456763e-5
15514,1.6703188929923226e-4
15515,9.194415924728382e-6
15516,3.064805308242794e-6
15517,9.194415924728382e-6
15518,1.3791623887092572e-5
15519,7.202292474370565e-5
15520,9.194415924728382e-6
15521,4.597207962364191e-6
15522,7.662013270606985e-6
15523,2.9115650428306543e-5
15524,4.597207962364191e-5
15525,3.064805308242794e-6
15526,7.662013270606985e-6
15527,3.524526104479213e-5
15528,3.2180455736549336e-5
15529,4.290727431539911e-5
15530,1.3791623887092572e-5
15531,1.532402654121397e-5
15532,3.064805308242794e-6
15533,6.589331412722007e-5
15534,1.6856429195335365e-5
15535,9.50089645555266e-5
15536,9.194415924728382e-6
15537,1.992123450357816e-5
15538,6.589331412722007e-5
15539,4.75044822777633e-5
15540,1.3791623887092572e-5
15541,1.2259221232971176e-5
15542,1.532402654121397e-6
15543,1.3791623887092572e-5
15544,3.064805308242794e-6
15546,7.662013270606985e-6
15547,6.129610616485588e-6
15548,5.194844997471536e-4
15549,2.7583247774185145e-5
15550,1.3791623887092572e-5
15551,1.8388831849456763e-5
15552,7.662013270606985e-6
15553,4.75044822777633e-5
15554,2.9115650428306543e-5
15555,5.3634092894248895e-5
15556,3.064805308242794e-6
15557,1.2259221232971176e-5
15558,4.597207962364191e-6
15559,4.597207962364191e-6
15562,1.532402654121397e-6
15563,1.532402654121397e-6
15564,6.742571678134146e-5
15565,4.9036884931884704e-5
15566,3.371285839067073e-5
15567,4.597207962364191e-6
15568,1.0726818578849778e-5
15569,1.3791623887092572e-5
15570,1.1339779640498337e-4
15571,2.467168273135449e-4
15572,3.831006635303492e-5
15573,9.194415924728382e-6
15574,6.129610616485588e-6
15575,3.064805308242794e-6
15576,6.129610616485588e-6
15577,6.129610616485588e-6
15578,3.064805308242794e-6
15579,3.831006635303492e-5
15580,1.532402654121397e-5
15581,4.597207962364191e-6
15582,2.9115650428306543e-5
15583,2.4518442465942352e-5
15584,7.662013270606985e-6
15585,3.064805308242794e-6
15586,3.064805308242794e-6
15587,3.064805308242794e-6
15588,7.662013270606985e-6
15589,6.129610616485588e-6
15590,1.6856429195335365e-5
15591,1.3791623887092572e-5
15592,9.194415924728382e-6
15593,0.00125044056576306
15594,4.1681352192101995e-4
15595,5.976370351073448e-5
15596,9.194415924728382e-5
15597,2.4518442465942352e-5
15598,5.6698898202491684e-5
15599,3.0648053082427937e-4
15600,5.05692875860061e-5
15601,4.597207962364191e-6
15602,4.75044822777633e-5
15603,9.194415924728382e-6
15604,2.6050845120063747e-5
15605,1.532402654121397e-6
15606,3.064805308242794e-5
15607,4.597207962364191e-6
15608,1.532402654121397e-6
15609,6.129610616485588e-6
15610,1.532402654121397e-6
15611,0.00015783747337450388
15612,3.064805308242794e-6
15613,4.443967696952051e-5
15614,4.597207962364191e-6
15615,9.194415924728382e-6
15616,8.121734066843403e-5
15617,3.064805308242794e-6
15618,1.2259221232971176e-5
15620,9.194415924728382e-6
15621,6.895811943546286e-5
15622,2.9115650428306543e-5
15623,3.064805308242794e-5
15624,1.3791623887092572e-5
15625,6.129610616485588e-6
15626,1.0726818578849778e-5
15627,1.3791623887092572e-5
15628,1.1493019905910477e-4
15629,9.041175659316241e-5
15630,1.8388831849456763e-4
15631,1.532402654121397e-5
15632,3.064805308242794e-6
15633,3.2180455736549336e-5
15634,1.532402654121397e-6
15635,4.597207962364191e-6
15636,7.355532739782705e-5
15637,8.428214597667684e-5
15638,1.6396708399098948e-4
15639,1.2259221232971176e-5
15640,3.846330661844706e-4
15642,1.3178662825444015e-4
15643,1.0726818578849778e-5
15644,6.436091147309867e-5
15645,1.4557825214153272e-4
15646,1.3791623887092572e-5
15647,6.129610616485588e-6
15648,6.129610616485588e-6
15649,2.1453637157699556e-5
15650,1.8388831849456763e-5
15651,1.8388831849456763e-5
15652,9.194415924728382e-6
15653,7.662013270606985e-6
15654,6.129610616485588e-6
15655,4.597207962364191e-6
15656,3.064805308242794e-6
15657,7.662013270606985e-6
15658,4.597207962364191e-6
15660,3.064805308242794e-6
15661,3.064805308242794e-6
15662,9.194415924728382e-6
15663,6.129610616485588e-6
15664,3.064805308242794e-6
15665,1.1339779640498337e-4
15666,8.428214597667684e-5
15667,1.0726818578849778e-5
15668,2.2373078750172396e-4
15669,7.815253536019124e-5
15670,3.064805308242794e-5
15671,3.984246900715632e-5
15672,1.593698760286253e-4
15673,2.880916989748226e-4
15674,5.6698898202491684e-5
15675,1.1952740702146896e-4
15676,8.428214597667684e-5
15677,2.7583247774185145e-5
15679,7.662013270606985e-6
15680,1.6856429195335365e-5
15681,9.194415924728382e-6
15682,6.129610616485588e-6
15683,5.2101690240127493e-5
15684,7.662013270606985e-6
15685,4.597207962364191e-6
15686,4.7198001746939024e-4
15687,1.8388831849456763e-5
15688,2.6050845120063747e-5
15689,3.524526104479213e-5
15690,7.202292474370565e-5
15691,6.129610616485588e-6
15692,7.662013270606985e-6
15693,6.129610616485588e-6
15694,1.532402654121397e-6
15695,6.129610616485588e-6
15696,7.662013270606985e-6
15697,2.6050845120063747e-5
15698,1.3791623887092572e-5
15699,6.589331412722007e-5
15700,3.524526104479213e-5
15701,1.0726818578849778e-5
15702,4.597207962364191e-6
15703,3.6777663698913526e-5
15704,2.4518442465942352e-5
15706,1.532402654121397e-5
15707,3.984246900715632e-5
15708,6.129610616485588e-6
15709,2.2986039811820954e-5
15710,7.662013270606984e-5
15711,1.532402654121397e-6
15712,1.1033299109674058e-4
15713,1.5324026541213968e-4
15714,4.597207962364191e-6
15715,1.2259221232971176e-5
15716,2.6050845120063747e-5
15717,4.597207962364191e-6
15718,4.597207962364191e-6
15719,7.662013270606985e-6
15720,4.597207962364191e-6
15721,6.129610616485588e-6
15722,1.3791623887092572e-5
15723,3.064805308242794e-6
15724,2.9115650428306543e-5
15725,4.597207962364191e-6
15726,3.831006635303492e-5
15727,2.9115650428306543e-5
15728,4.597207962364191e-6
15729,4.597207962364191e-6
15730,3.6777663698913526e-5
15731,6.129610616485588e-6
15732,9.194415924728382e-6
15733,1.532402654121397e-6
15734,9.50089645555266e-5
15735,2.6050845120063746e-4
15736,7.815253536019124e-5
15737,4.597207962364191e-6
15738,1.8388831849456763e-5
15739,3.524526104479213e-5
15740,1.532402654121397e-6
15741,7.662013270606985e-6
15742,1.532402654121397e-5
15743,4.597207962364191e-6
15744,1.3791623887092572e-5
15745,9.194415924728382e-6
15746,2.9115650428306543e-5
15747,7.662013270606985e-6
15748,1.026709778261336e-4
15749,5.05692875860061e-5
15750,4.597207962364191e-6
15751,2.7583247774185145e-5
15752,7.662013270606985e-6
15753,3.340637785984645e-4
15754,1.532402654121397e-5
15755,1.1186539375086198e-4
15756,2.4518442465942352e-5
15757,6.895811943546286e-5
15758,8.887935393904103e-5
15759,6.129610616485588e-6
15760,1.532402654121397e-6
15761,3.095453361325222e-4
15762,9.194415924728382e-6
15763,3.064805308242794e-6
15764,4.2294313253750555e-4
15765,5.148872917847894e-4
15766,4.597207962364191e-6
15767,3.064805308242794e-6
15768,3.064805308242794e-6
15769,1.0726818578849778e-5
15770,7.662013270606985e-6
15771,6.129610616485588e-6
15772,1.2259221232971176e-5
15773,1.532402654121397e-5
15774,3.064805308242794e-6
15775,7.662013270606985e-6
15776,7.662013270606985e-6
15777,5.05692875860061e-5
15778,3.064805308242794e-6
15779,4.597207962364191e-5
15780,3.6777663698913526e-4
15781,4.597207962364191e-6
15782,4.597207962364191e-6
15783,7.662013270606985e-6
15784,3.064805308242794e-6
15785,3.2793416798197896e-4
15786,2.9115650428306543e-5
15787,1.992123450357816e-5
15788,2.4211961935118072e-4
15789,7.049052208958426e-5
15790,4.597207962364191e-6
15791,1.8388831849456763e-5
15792,7.662013270606985e-6
15793,2.00744747689903e-4
15794,3.064805308242794e-5
15795,3.6777663698913526e-5
15796,1.0726818578849778e-5
15797,3.064805308242794e-6
15798,3.064805308242794e-6
15799,1.0726818578849778e-5
15800,1.0726818578849778e-5
15801,4.597207962364191e-6
15802,4.597207962364191e-6
15803,2.1453637157699556e-5
15804,3.064805308242794e-6
15805,1.3791623887092572e-5
15806,4.597207962364191e-6
15807,6.129610616485588e-6
15808,9.194415924728382e-6
15809,3.064805308242794e-6
15810,1.2259221232971176e-5
15811,3.064805308242794e-6
15812,4.597207962364191e-6
15813,2.9115650428306543e-5
15814,1.6856429195335365e-5
15815,3.493878051396785e-4
15816,1.2412461498383315e-4
15817,9.50089645555266e-5
15818,3.984246900715632e-5
15819,4.597207962364191e-6
15820,6.129610616485588e-6
15821,6.129610616485588e-6
15822,6.129610616485588e-6
15823,1.3791623887092572e-5
15824,1.0726818578849778e-5
15825,6.129610616485588e-6
15826,9.194415924728382e-6
15828,7.662013270606985e-6
15829,2.7583247774185145e-5
15830,1.0726818578849778e-5
15831,6.129610616485588e-6
15832,4.597207962364191e-6
15833,7.662013270606985e-6
15834,3.524526104479213e-5
15835,4.597207962364191e-6
15836,3.6777663698913526e-5
15837,1.2259221232971176e-5
15838,1.0726818578849778e-5
15839,1.532402654121397e-5
15840,1.992123450357816e-4
15841,2.6050845120063747e-5
15842,4.597207962364191e-6
15843,1.0726818578849778e-5
15844,2.589760485465161e-4
15845,4.597207962364191e-6
15846,7.662013270606985e-6
15847,2.1453637157699556e-5
15848,4.597207962364191e-6
15849,4.597207962364191e-6
15850,7.662013270606985e-6
15851,1.532402654121397e-6
15852,9.194415924728382e-6
15853,4.597207962364191e-6
15854,3.064805308242794e-6
15855,6.129610616485588e-6
15856,1.532402654121397e-6
15857,1.6856429195335365e-5
15858,3.064805308242794e-6
15859,2.4518442465942352e-5
15860,6.129610616485588e-6
15861,9.194415924728382e-6
15862,1.6856429195335365e-5
15863,4.597207962364191e-6
15864,1.532402654121397e-6
15865,1.532402654121397e-6
15867,3.371285839067073e-5
15868,6.129610616485588e-6
15869,6.129610616485588e-6
15870,9.194415924728382e-6
15871,4.597207962364191e-6
15872,3.064805308242794e-6
15873,7.662013270606985e-6
15874,4.597207962364191e-6
15875,3.064805308242794e-6
15876,3.064805308242794e-6
15877,3.064805308242794e-6
15878,4.597207962364191e-6
15879,1.3791623887092572e-5
15880,6.436091147309867e-5
15881,1.1799500436734756e-4
15882,9.194415924728382e-6
15883,4.597207962364191e-6
15884,3.064805308242794e-6
15885,4.597207962364191e-6
15886,1.8848552645693182e-4
15887,3.064805308242794e-6
15888,1.1493019905910477e-4
15889,9.194415924728382e-6
15890,1.3791623887092572e-5
15891,3.4172579186907153e-4
15892,2.2986039811820954e-5
15893,2.7583247774185145e-5
15894,3.524526104479213e-5
15895,1.2259221232971176e-5
15896,7.662013270606985e-6
15897,4.597207962364191e-6
15898,1.4098104417916853e-4
15899,1.8388831849456763e-5
15900,1.3791623887092572e-4
15901,1.532402654121397e-6
15902,6.129610616485588e-6
15903,1.532402654121397e-6
15904,1.2259221232971176e-5
15905,3.064805308242794e-6
15906,7.662013270606985e-6
15907,4.597207962364191e-6
15908,9.194415924728382e-6
15909,9.194415924728382e-6
15910,3.064805308242794e-5
15911,1.486430574497755e-4
15912,4.597207962364191e-6
15913,4.597207962364191e-6
15914,6.129610616485588e-6
15915,3.064805308242794e-6
15916,1.1033299109674058e-4
15917,9.194415924728382e-6
15918,2.4518442465942352e-5
15919,7.662013270606985e-6
15920,3.2180455736549336e-5
15921,3.6777663698913526e-5
15922,4.597207962364191e-6
15923,1.532402654121397e-6
15924,1.0726818578849778e-5
15925,1.3791623887092572e-5
15926,1.8388831849456763e-5
15927,6.129610616485588e-6
15928,5.05692875860061e-5
15929,6.129610616485588e-6
15930,4.597207962364191e-6
15931,6.742571678134146e-5
15932,6.129610616485588e-6
15933,1.6856429195335365e-5
15934,6.129610616485588e-6
15935,7.815253536019124e-5
15936,1.532402654121397e-5
15937,2.6050845120063747e-5
15938,3.4172579186907153e-4
15939,1.992123450357816e-5
15940,4.137487166127772e-5
15941,2.9115650428306543e-5
15943,7.662013270606985e-6
15944,3.064805308242794e-6
15945,7.662013270606985e-6
15946,1.3791623887092572e-5
15947,7.662013270606985e-6
15948,7.662013270606985e-6
15949,1.532402654121397e-6
15950,1.532402654121397e-6
15951,1.6396708399098948e-4
15952,1.532402654121397e-6
15953,9.194415924728382e-6
15954,7.662013270606985e-6
15955,1.8388831849456763e-5
15956,7.662013270606985e-6
15957,3.064805308242794e-6
15958,6.129610616485588e-6
15959,4.597207962364191e-6
15960,3.064805308242794e-6
15961,1.1799500436734756e-4
15962,3.064805308242794e-6
15963,1.0726818578849778e-5
15964,2.2986039811820954e-5
15965,2.7583247774185145e-5
15966,1.2259221232971176e-5
15967,1.532402654121397e-6
15968,4.597207962364191e-6
15969,0.0012473757604548172
15970,4.597207962364191e-6
15971,1.2259221232971176e-5
15972,3.064805308242794e-6
15973,2.7276767243360867e-4
15974,6.129610616485588e-6
15975,1.3791623887092572e-5
15976,6.129610616485588e-6
15977,4.597207962364191e-6
15978,3.064805308242794e-6
15979,1.0726818578849778e-5
15980,4.597207962364191e-6
15981,1.6856429195335365e-5
15982,1.8388831849456763e-5
15983,6.129610616485588e-6
15984,3.064805308242794e-6
15985,2.1453637157699556e-5
15986,9.194415924728382e-6
15987,3.064805308242794e-6
15988,1.532402654121397e-6
15989,3.064805308242794e-6
15990,1.0726818578849778e-5
15991,4.137487166127772e-5
15992,6.129610616485588e-6
15993,4.597207962364191e-6
15994,1.8388831849456763e-5
15995,6.129610616485588e-6
15996,1.532402654121397e-6
15997,2.4518442465942352e-5
15998,1.532402654121397e-6
15999,1.532402654121397e-6
16001,1.532402654121397e-6
16002,1.532402654121397e-6
16003,1.3791623887092572e-5
16004,4.597207962364191e-6
16005,3.064805308242794e-6
16007,3.064805308242794e-6
16008,2.022771503440244e-4
16009,9.194415924728382e-6
16010,4.597207962364191e-6
16011,1.8388831849456763e-5
16012,1.532402654121397e-6
16013,1.2259221232971176e-5
16014,5.6698898202491684e-5
16015,7.662013270606985e-6
16016,1.3791623887092572e-5
16017,2.1453637157699556e-5
16018,6.129610616485588e-6
16019,3.064805308242794e-6
16020,7.662013270606985e-6
16021,9.194415924728382e-6
16022,1.532402654121397e-6
16023,4.597207962364191e-6
16024,4.597207962364191e-6
16025,3.064805308242794e-6
16026,2.1453637157699558e-4
16027,9.807376986376941e-5
16028,3.064805308242794e-6
16029,1.0420338048025499e-4
16030,1.2259221232971176e-5
16031,1.3791623887092572e-5
16032,1.532402654121397e-6
16033,6.129610616485588e-6
16034,5.3634092894248895e-5
16035,9.194415924728382e-6
16036,4.290727431539911e-5
16037,1.532402654121397e-6
16038,7.662013270606985e-6
16039,1.0726818578849778e-5
16040,7.662013270606985e-6
16041,6.129610616485588e-6
16042,3.064805308242794e-6
16043,4.9036884931884704e-5
16044,4.597207962364191e-6
16046,1.0726818578849778e-5
16047,3.064805308242794e-6
16048,3.064805308242794e-5
16049,1.0880058844261918e-4
16050,6.129610616485588e-6
16051,2.2986039811820954e-5
16052,6.129610616485588e-6
16053,6.129610616485588e-6
16054,6.129610616485588e-6
16055,3.064805308242794e-5
16056,3.2180455736549336e-5
16057,1.532402654121397e-5
16058,3.064805308242794e-6
16059,1.6856429195335365e-5
16060,1.532402654121397e-6
16061,1.6856429195335365e-5
16062,1.532402654121397e-6
16063,1.3791623887092572e-5
16064,9.194415924728382e-6
16065,3.064805308242794e-6
16066,3.064805308242794e-6
16067,3.064805308242794e-6
16068,3.6777663698913526e-5
16069,4.597207962364191e-6
16070,6.129610616485588e-6
16071,3.064805308242794e-6
16072,4.597207962364191e-6
16073,6.129610616485588e-6
16074,6.129610616485588e-6
16075,1.2259221232971176e-5
16076,3.064805308242794e-6
16077,6.129610616485588e-6
16078,1.2259221232971176e-5
16080,4.597207962364191e-6
16081,6.129610616485588e-6
16082,1.8388831849456763e-5
16083,6.129610616485588e-6
16084,1.0726818578849778e-5
16085,1.0726818578849778e-5
16086,1.2259221232971176e-5
16087,6.129610616485588e-6
16088,4.597207962364191e-6
16089,1.3791623887092572e-5
16090,1.1186539375086198e-4
16091,1.501754601038969e-4
16092,2.5591124323827327e-4
16093,2.6050845120063747e-5
16094,4.597207962364191e-6
16096,9.194415924728382e-6
16097,3.064805308242794e-6
16098,1.0726818578849778e-5
16099,1.3791623887092572e-5
16100,1.992123450357816e-5
16101,3.831006635303492e-5
16102,2.6663806181712307e-4
16103,6.129610616485588e-6
16104,1.2259221232971176e-5
16105,1.4251344683328991e-4
16106,3.831006635303492e-5
16107,1.0726818578849778e-5
16108,4.597207962364191e-6
16109,3.064805308242794e-6
16110,9.194415924728382e-6
16112,6.282850881897727e-5
16113,1.0726818578849778e-5
16114,1.0726818578849778e-5
16115,9.194415924728382e-6
16116,1.0726818578849778e-5
16117,6.129610616485588e-6
16118,6.129610616485588e-6
16119,1.7929111053220344e-4
16120,3.064805308242794e-6
16121,4.597207962364191e-6
16122,6.129610616485588e-6
16123,2.6050845120063747e-5
16124,1.2259221232971176e-5
16125,1.532402654121397e-6
16126,1.0726818578849778e-5
16127,9.194415924728382e-6
16128,9.194415924728382e-6
16129,3.064805308242794e-6
16130,9.194415924728382e-6
16131,6.129610616485588e-6
16132,3.6777663698913526e-5
16133,2.1453637157699556e-5
16134,3.2180455736549336e-5
16135,7.662013270606985e-6
16136,9.194415924728382e-6
16137,9.194415924728382e-6
16138,1.3791623887092572e-5
16139,1.8388831849456763e-5
16140,7.662013270606985e-6
16141,8.887935393904103e-5
16142,1.8388831849456763e-5
16143,7.662013270606985e-6
16144,1.026709778261336e-4
16145,1.532402654121397e-6
16146,4.597207962364191e-6
16147,1.8388831849456763e-5
16148,3.371285839067073e-5
16151,6.129610616485588e-6
16152,1.6856429195335365e-5
16153,2.7583247774185145e-5
16154,1.532402654121397e-5
16155,9.194415924728382e-6
16156,3.064805308242794e-6
16157,3.064805308242794e-6
16158,1.6856429195335367e-4
16159,1.992123450357816e-5
16160,0.0012749590082290023
16161,1.0726818578849778e-5
16162,1.0726818578849778e-5
16163,1.0726818578849778e-5
16164,1.532402654121397e-6
16165,4.597207962364191e-6
16166,6.129610616485588e-6
16167,6.129610616485588e-6
16168,1.0726818578849778e-5
16169,6.803867784299002e-4
16170,7.662013270606985e-6
16171,4.597207962364191e-5
16172,1.2259221232971176e-5
16173,4.597207962364191e-6
16174,9.194415924728382e-6
16175,1.992123450357816e-5
16176,5.455353448672173e-4
16177,2.1453637157699556e-5
16178,7.508773005194845e-5
16179,7.662013270606985e-6
16180,3.064805308242794e-6
16181,7.202292474370565e-5
16182,4.597207962364191e-6
16183,9.96061725178908e-5
16184,6.129610616485588e-6
16185,1.992123450357816e-5
16186,3.064805308242794e-6
16187,1.992123450357816e-5
16188,7.662013270606985e-6
16189,1.6856429195335365e-5
16190,1.6856429195335365e-5
16191,3.064805308242794e-5
16192,7.662013270606985e-6
16193,4.597207962364191e-6
16194,7.662013270606985e-6
16195,7.662013270606985e-6
16196,1.532402654121397e-6
16197,3.064805308242794e-6
16198,9.194415924728382e-6
16199,2.7583247774185145e-5
16200,3.064805308242794e-6
16201,3.064805308242794e-6
16202,1.0726818578849778e-5
16203,4.443967696952051e-5
16204,9.194415924728382e-6
16205,1.3791623887092572e-5
16206,3.064805308242794e-6
16207,3.064805308242794e-6
16208,3.064805308242794e-6
16209,1.532402654121397e-6
16210,4.597207962364191e-6
16211,6.129610616485588e-6
16212,6.129610616485588e-6
16213,4.459291723493265e-4
16214,1.532402654121397e-6
16215,4.597207962364191e-6
16216,4.597207962364191e-6
16217,4.597207962364191e-6
16218,1.532402654121397e-6
16219,1.532402654121397e-6
16220,3.064805308242794e-6
16221,2.4518442465942352e-5
16222,6.129610616485588e-6
16223,9.194415924728382e-6
16224,3.064805308242794e-6
16225,1.563050707203825e-4
16226,3.064805308242794e-6
16227,7.662013270606985e-6
16228,1.6856429195335365e-5
16229,8.581454863079822e-5
16230,4.597207962364191e-6
16231,1.532402654121397e-5
16232,7.662013270606985e-6
16233,0.0010405014021484286
16234,4.597207962364191e-6
16235,5.516649554837029e-5
16236,5.516649554837029e-5
16237,2.6050845120063747e-5
16238,3.294665706361003e-4
16239,6.129610616485588e-6
16241,7.049052208958426e-5
16242,2.1453637157699556e-5
16244,4.597207962364191e-6
16245,1.8388831849456763e-5
16246,6.129610616485588e-6
16247,1.3791623887092572e-5
16248,6.129610616485588e-6
16249,1.2259221232971176e-5
16250,1.0726818578849778e-5
16251,5.976370351073448e-5
16252,4.597207962364191e-6
16253,4.597207962364191e-6
16254,2.1453637157699556e-5
16255,4.597207962364191e-6
16256,6.129610616485588e-6
16257,7.662013270606985e-6
16258,2.2986039811820954e-5
16259,1.7469390256983925e-4
16260,1.8542072114868902e-4
16261,1.2718942029207595e-4
16262,6.129610616485588e-6
16263,6.129610616485588e-6
16264,3.064805308242794e-6
16265,1.8388831849456763e-5
16268,1.2259221232971176e-5
16269,1.532402654121397e-6
16270,3.064805308242794e-5
16271,4.597207962364191e-6
16272,7.662013270606985e-6
16273,3.2180455736549336e-5
16274,2.9115650428306543e-5
16275,7.662013270606985e-6
16276,6.129610616485588e-6
16277,9.194415924728382e-6
16278,7.662013270606985e-6
16279,3.064805308242794e-6
16280,3.064805308242794e-6
16281,1.532402654121397e-5
16282,1.3331903090856153e-4
16283,6.129610616485588e-6
16284,1.0726818578849778e-5
16285,2.2986039811820954e-5
16286,7.662013270606985e-6
16288,1.0726818578849778e-5
16289,5.8231300856613086e-5
16290,6.129610616485588e-6
16291,1.992123450357816e-5
16292,1.8388831849456763e-5
16293,2.9115650428306543e-5
16294,7.662013270606985e-6
16295,6.129610616485588e-6
16296,1.532402654121397e-6
16297,4.597207962364191e-6
16299,2.2986039811820954e-5
16300,1.532402654121397e-5
16301,3.064805308242794e-6
16302,3.2180455736549336e-5
16303,1.0726818578849778e-5
16304,1.2259221232971176e-5
16305,1.8388831849456763e-5
16306,4.597207962364191e-6
16307,1.532402654121397e-6
16308,6.129610616485588e-6
16309,3.064805308242794e-6
16310,3.371285839067073e-5
16311,1.532402654121397e-6
16312,3.064805308242794e-5
16313,3.064805308242794e-6
16314,1.6856429195335365e-5
16315,9.194415924728382e-6
16316,2.7583247774185145e-5
16317,9.194415924728382e-6
16318,1.532402654121397e-6
16319,1.532402654121397e-6
16320,1.3791623887092572e-5
16321,3.064805308242794e-6
16322,4.597207962364191e-6
16323,4.597207962364191e-6
16324,4.597207962364191e-6
16325,3.064805308242794e-6
16326,4.597207962364191e-6
16327,1.532402654121397e-6
16328,6.129610616485588e-6
16329,1.0726818578849778e-5
16330,1.532402654121397e-6
16331,1.440458494874113e-4
16332,6.129610616485588e-6
16333,3.064805308242794e-6
16334,1.532402654121397e-6
16335,1.532402654121397e-5
16336,9.194415924728382e-6
16337,9.194415924728382e-6
16338,4.597207962364191e-6
16339,1.8388831849456763e-5
16340,4.597207962364191e-6
16341,1.2259221232971176e-5
16342,1.8388831849456763e-5
16343,9.194415924728382e-6
16344,1.0726818578849778e-5
16345,5.087576811683038e-4
16346,9.194415924728382e-6
16347,4.75044822777633e-5
16348,7.662013270606985e-6
16349,7.355532739782705e-5
16350,1.8388831849456763e-5
16351,6.129610616485588e-6
16352,6.129610616485588e-6
16353,2.2986039811820954e-5
16354,4.597207962364191e-6
16355,4.597207962364191e-6
16356,3.831006635303492e-5
16357,1.3791623887092572e-5
16359,6.129610616485588e-6
16360,3.003509202077938e-4
16361,8.121734066843403e-5
16362,9.194415924728382e-6
16363,1.2259221232971176e-5
16364,7.662013270606985e-6
16365,9.807376986376941e-5
16366,1.3485143356268292e-4
16367,1.2259221232971176e-5
16368,7.662013270606985e-6
16370,1.8388831849456763e-5
16371,1.532402654121397e-6
16372,4.597207962364191e-6
16373,9.194415924728382e-6
16374,6.129610616485588e-6
16376,5.976370351073448e-5
16377,3.064805308242794e-6
16378,1.0726818578849778e-5
16379,1.0726818578849778e-5
16380,9.194415924728382e-6
16381,6.129610616485588e-6
16382,9.807376986376941e-5
16383,2.4518442465942352e-5
16384,1.3791623887092572e-5
16385,2.1453637157699556e-5
16386,1.3791623887092572e-5
16387,1.8388831849456763e-5
16388,5.2101690240127493e-5
16389,9.194415924728382e-6
16390,3.064805308242794e-6
16391,1.532402654121397e-6
16393,1.532402654121397e-5
16394,7.662013270606985e-6
16395,7.662013270606985e-6
16396,1.2259221232971176e-5
16397,1.3791623887092572e-5
16398,4.597207962364191e-6
16399,1.532402654121397e-6
16400,1.0726818578849778e-5
16401,9.194415924728382e-6
16402,2.7583247774185145e-5
16403,2.1913357953935977e-4
16404,7.662013270606985e-6
16405,3.831006635303492e-5
16406,3.064805308242794e-6
16407,4.597207962364191e-6
16408,6.129610616485588e-6
16409,7.662013270606985e-6
16410,4.597207962364191e-6
16411,6.282850881897727e-5
16413,7.662013270606985e-6
16414,1.532402654121397e-6
16415,2.1453637157699556e-5
16416,1.532402654121397e-5
16417,5.05692875860061e-5
16418,6.129610616485588e-6
16419,2.6050845120063747e-5
16420,2.436520220053021e-4
16421,3.6777663698913526e-5
16422,3.524526104479213e-5
16423,3.2180455736549336e-5
16424,4.597207962364191e-6
16425,6.129610616485588e-6
16426,2.1453637157699556e-5
16427,7.508773005194845e-5
16428,7.049052208958426e-5
16429,1.8388831849456763e-5
16430,4.597207962364191e-6
16431,7.202292474370565e-5
16432,1.3791623887092572e-5
16433,4.597207962364191e-6
16434,9.194415924728382e-6
16435,3.064805308242794e-6
16436,9.194415924728382e-6
16437,1.8388831849456763e-5
16438,9.194415924728382e-6
16439,0.001146237185282805
16440,7.662013270606985e-6
16441,6.129610616485588e-6
16442,7.662013270606985e-6
16443,1.532402654121397e-5
16444,3.2640176532785755e-4
16445,2.1453637157699556e-5
16446,3.04948128170158e-4
16447,2.7583247774185145e-5
16448,2.1453637157699556e-5
16449,3.064805308242794e-6
16450,1.992123450357816e-5
16451,1.532402654121397e-6
16452,6.129610616485588e-6
16453,1.532402654121397e-5
16454,3.064805308242794e-6
16455,4.597207962364191e-6
16456,1.2259221232971176e-5
16457,3.064805308242794e-6
16458,1.0726818578849778e-5
16459,6.895811943546286e-5
16460,5.2101690240127493e-5
16461,1.8388831849456763e-5
16463,3.064805308242794e-6
16464,6.129610616485588e-6
16465,6.436091147309867e-5
16466,1.532402654121397e-5
16467,1.3791623887092572e-5
16468,1.0726818578849778e-5
16469,1.3791623887092572e-5
16470,7.355532739782705e-5
16471,4.597207962364191e-6
16472,4.290727431539911e-5
16473,2.4518442465942352e-5
16474,7.662013270606985e-6
16475,4.597207962364191e-6
16476,9.194415924728382e-6
16477,2.4518442465942352e-5
16478,9.194415924728382e-6
16479,2.7583247774185145e-5
16480,6.129610616485588e-6
16481,7.662013270606985e-6
16482,4.597207962364191e-6
16483,6.129610616485588e-6
16484,1.992123450357816e-5
16485,1.0726818578849778e-5
16486,4.597207962364191e-6
16487,1.2259221232971176e-5
16488,6.129610616485588e-6
16489,4.597207962364191e-6
16490,3.064805308242794e-6
16491,3.6777663698913526e-5
16492,7.662013270606985e-6
16493,2.6050845120063747e-5
16494,4.597207962364191e-6
16495,2.2986039811820954e-5
16496,1.0726818578849778e-5
16497,8.121734066843403e-5
16498,9.194415924728382e-6
16499,1.2259221232971176e-5
16500,1.6549948664511087e-4
16501,3.064805308242794e-6
16502,4.597207962364191e-6
16503,6.129610616485588e-6
16504,4.9036884931884704e-5
16505,4.597207962364191e-6
16506,3.6777663698913526e-5
16507,2.2986039811820954e-5
16508,1.2259221232971176e-5
16509,1.532402654121397e-6
16510,2.1453637157699556e-5
16511,3.064805308242794e-6
16512,5.2101690240127493e-5
16513,3.064805308242794e-6
16514,6.129610616485588e-6
16515,2.9115650428306543e-5
16516,3.064805308242794e-6
16517,3.064805308242794e-6
16518,1.0726818578849778e-5
16519,3.064805308242794e-6
16520,1.0726818578849778e-5
16521,4.597207962364191e-6
16522,1.532402654121397e-6
16523,7.662013270606985e-6
16524,3.064805308242794e-6
16525,1.2259221232971176e-5
16526,3.064805308242794e-5
16527,6.129610616485588e-6
16528,1.2259221232971176e-5
16529,7.662013270606985e-6
16530,7.662013270606985e-6
16531,1.2259221232971176e-5
16532,4.597207962364191e-6
16533,1.532402654121397e-6
16534,7.202292474370565e-5
16535,4.597207962364191e-6
16536,1.1339779640498337e-4
16537,7.662013270606985e-6
16538,2.2986039811820954e-5
16539,2.6050845120063747e-5
16540,4.597207962364191e-6
16541,3.064805308242794e-6
16542,6.129610616485588e-6
16543,1.992123450357816e-5
16544,1.992123450357816e-5
16545,9.194415924728382e-6
16546,4.597207962364191e-6
16547,3.064805308242794e-6
16548,3.647118316808925e-4
16549,9.6541367209648e-5
16550,4.290727431539911e-5
16551,2.1760117688523836e-4
16552,7.662013270606985e-6
16553,6.129610616485588e-6
16554,1.946151370734174e-4
16555,1.992123450357816e-5
16556,9.194415924728382e-6
16557,7.662013270606985e-6
16558,2.9115650428306543e-5
16559,2.7583247774185145e-4
16560,4.597207962364191e-6
16562,3.831006635303492e-5
16563,6.129610616485588e-6
16564,3.064805308242794e-6
16565,4.597207962364191e-5
16566,1.8695312380281043e-4
16567,2.4518442465942352e-5
16568,6.129610616485588e-6
16570,4.597207962364191e-6
16571,2.7583247774185145e-5
16572,3.831006635303492e-5
16573,1.2259221232971176e-5
16574,1.7775870787808205e-4
16575,1.0726818578849778e-5
16576,6.129610616485588e-6
16577,6.436091147309867e-5
16578,4.597207962364191e-6
16579,1.532402654121397e-5
16580,2.988185175536724e-4
16581,1.2105980967559036e-4
16582,6.895811943546286e-5
16583,7.662013270606985e-6
16584,1.4251344683328991e-4
16585,4.597207962364191e-6
16586,2.4518442465942352e-5
16587,6.129610616485588e-6
16588,1.0726818578849778e-5
16589,2.9115650428306544e-4
16590,1.6856429195335365e-5
16591,1.6856429195335365e-5
16592,3.064805308242794e-6
16593,4.597207962364191e-6
16594,1.532402654121397e-6
16595,9.194415924728382e-6
16596,1.532402654121397e-6
16597,1.4251344683328991e-4
16598,2.9115650428306543e-5
16599,1.6856429195335365e-5
16600,1.2872182294619734e-4
16601,4.597207962364191e-6
16602,1.532402654121397e-6
16603,5.3634092894248895e-5
16604,6.129610616485588e-6
16605,2.4518442465942352e-5
16607,1.3791623887092572e-5
16608,1.532402654121397e-6
16609,4.597207962364191e-6
16610,1.3791623887092572e-5
16611,3.064805308242794e-6
16612,6.129610616485588e-6
16613,7.662013270606985e-6
16614,4.75044822777633e-5
16615,2.2986039811820954e-5
16616,4.597207962364191e-6
16617,7.9684938014312645e-05
16618,6.129610616485588e-6
16619,7.662013270606985e-6
16620,1.532402654121397e-6
16621,4.597207962364191e-5
16622,4.597207962364191e-6
16623,1.2259221232971176e-5
16624,4.1374871661277717e-4
16625,4.597207962364191e-6
16626,5.148872917847894e-4
16627,3.984246900715632e-5
16628,4.597207962364191e-6
16629,3.2180455736549336e-5
16630,3.12610141440765e-4
16631,9.807376986376941e-5
16632,1.532402654121397e-6
16633,7.662013270606985e-6
16634,6.129610616485588e-6
16635,1.1186539375086198e-4
16636,7.662013270606985e-6
16637,6.282850881897727e-5
16638,2.1453637157699556e-5
16639,1.532402654121397e-6
16640,9.194415924728382e-6
16641,3.064805308242794e-6
16642,7.662013270606985e-6
16643,5.976370351073448e-4
16644,8.274974332255543e-5
16645,9.194415924728382e-6
16646,2.1453637157699556e-5
16647,7.202292474370565e-5
16648,1.6856429195335365e-5
16649,1.532402654121397e-5
16650,2.8042968570421564e-4
16651,6.129610616485588e-6
16652,4.290727431539911e-5
16653,3.064805308242794e-6
16654,1.0726818578849778e-5
16655,6.129610616485588e-6
16656,6.129610616485588e-6
16657,2.4518442465942352e-5
16658,3.064805308242794e-6
16659,1.0726818578849778e-5
16660,4.597207962364191e-6
16661,1.0726818578849778e-5
16662,2.7583247774185145e-5
16663,1.3791623887092572e-5
16664,1.2259221232971176e-5
16665,7.662013270606985e-6
16666,9.347656190140522e-5
16667,2.1453637157699556e-5
16668,1.532402654121397e-5
16669,7.662013270606985e-6
16670,6.129610616485588e-6
16671,1.8388831849456763e-5
16672,1.532402654121397e-5
16673,1.532402654121397e-6
16674,3.93827482109199e-4
16675,4.597207962364191e-6
16676,3.064805308242794e-6
16677,3.064805308242794e-6
16678,3.064805308242794e-6
16679,4.597207962364191e-6
16680,4.597207962364191e-6
16681,1.532402654121397e-6
16682,1.532402654121397e-5
16683,9.50089645555266e-5
16684,7.662013270606985e-6
16685,1.532402654121397e-6
16686,1.532402654121397e-6
16687,1.3791623887092572e-5
16688,1.1186539375086198e-4
16689,8.734695128491963e-5
16690,8.581454863079822e-5
16691,6.129610616485588e-6
16692,2.2986039811820954e-5
16693,0.0014894953798059978
16694,7.662013270606985e-6
16695,6.926459996628714e-4
16696,9.194415924728382e-6
16697,5.2101690240127493e-5
16698,4.597207962364191e-6
16699,1.6856429195335365e-5
16700,7.662013270606985e-6
16701,2.2986039811820954e-5
16703,1.0726818578849778e-5
16704,1.0420338048025499e-4
16705,1.1799500436734756e-4
16706,5.884426191826164e-4
16708,5.3634092894248895e-5
16709,9.347656190140522e-5
16710,2.1453637157699556e-5
16711,4.9036884931884704e-5
16712,4.9036884931884704e-5
16713,2.4518442465942352e-5
16714,6.129610616485588e-6
16715,1.532402654121397e-5
16716,6.282850881897727e-5
16717,4.597207962364191e-6
16718,6.129610616485588e-6
16719,1.0726818578849779e-4
16720,2.2986039811820954e-5
16721,9.194415924728382e-6
16722,4.597207962364191e-6
16723,7.662013270606985e-6
16724,4.597207962364191e-6
16725,1.532402654121397e-6
16726,1.532402654121397e-5
16727,3.064805308242794e-6
16728,1.3025422560031873e-4
16729,6.129610616485588e-6
16730,4.597207962364191e-5
16731,6.129610616485588e-6
16732,1.0726818578849778e-5
16733,1.2259221232971176e-5
16734,1.0726818578849778e-5
16735,2.4518442465942352e-5
16736,2.1453637157699556e-5
16737,7.662013270606985e-6
16738,5.2101690240127493e-5
16739,4.597207962364191e-6
16740,3.2180455736549336e-5
16741,3.064805308242794e-6
16742,4.597207962364191e-6
16743,8.121734066843403e-5
16744,6.129610616485588e-6
16745,1.532402654121397e-6
16746,4.290727431539911e-5
16747,4.597207962364191e-6
16749,3.2180455736549336e-5
16750,2.7583247774185145e-5
16751,3.064805308242794e-6
16752,1.532402654121397e-5
16754,3.831006635303492e-5
16755,4.597207962364191e-6
16756,7.662013270606985e-6
16757,6.129610616485588e-6
16758,8.887935393904103e-5
16759,6.129610616485588e-6
16760,7.662013270606985e-6
16761,9.194415924728382e-6
16762,7.662013270606985e-6
16764,7.662013270606985e-6
16765,1.2259221232971176e-5
16766,6.129610616485588e-6
16767,3.064805308242794e-6
16768,7.049052208958426e-5
16769,2.6050845120063747e-5
16770,7.662013270606985e-6
16771,6.129610616485588e-6
16772,2.9115650428306543e-5
16773,8.167706146467046e-4
16774,1.532402654121397e-6
16775,3.064805308242794e-6
16776,1.501754601038969e-4
16777,2.7583247774185145e-5
16778,3.064805308242794e-6
16779,3.371285839067073e-5
16780,1.532402654121397e-6
16781,1.7929111053220344e-4
16782,1.3791623887092572e-5
16783,6.129610616485588e-6
16784,1.992123450357816e-5
16785,4.597207962364191e-6
16786,1.532402654121397e-6
16787,9.194415924728382e-6
16788,4.597207962364191e-6
16789,9.194415924728382e-6
16790,6.129610616485588e-6
16791,7.202292474370565e-5
16792,3.064805308242794e-6
16793,5.8231300856613086e-5
16794,3.064805308242794e-6
16795,7.662013270606985e-6
16796,4.597207962364191e-6
16797,4.597207962364191e-6
16798,4.597207962364191e-6
16799,8.581454863079822e-5
16800,4.597207962364191e-6
16801,4.597207962364191e-6
16802,1.2259221232971176e-5
16803,2.2986039811820954e-5
16805,4.597207962364191e-5
16806,1.532402654121397e-5
16807,2.2986039811820954e-5
16808,2.7583247774185145e-5
16809,3.371285839067073e-5
16811,3.064805308242794e-6
16812,5.3634092894248895e-5
16813,7.662013270606985e-6
16814,2.9115650428306543e-5
16815,5.05692875860061e-5
16816,1.2259221232971176e-5
16817,1.532402654121397e-6
16818,4.597207962364191e-6
16819,1.532402654121397e-5
16820,1.2259221232971176e-5
16821,4.597207962364191e-6
16822,3.064805308242794e-6
16824,3.064805308242794e-6
16825,2.6050845120063747e-5
16826,3.064805308242794e-6
16827,7.662013270606985e-6
16828,7.662013270606985e-6
16830,1.3485143356268292e-4
16831,9.194415924728382e-6
16832,1.532402654121397e-6
16833,1.3791623887092572e-5
16834,8.887935393904103e-5
16835,4.597207962364191e-6
16836,6.742571678134146e-5
16837,6.129610616485588e-6
16838,2.6050845120063747e-5
16839,1.6856429195335365e-5
16840,1.2259221232971176e-5
16841,9.50089645555266e-5
16842,1.532402654121397e-6
16843,3.6777663698913526e-5
16844,7.049052208958426e-5
16845,3.371285839067073e-5
16846,2.9115650428306543e-5
16848,1.486430574497755e-4
16849,7.202292474370565e-5
16850,1.532402654121397e-6
16851,7.478124952112417e-4
16852,3.064805308242794e-6
16853,3.064805308242794e-6
16854,2.2986039811820954e-5
16855,1.6856429195335365e-5
16856,1.532402654121397e-6
16857,6.129610616485588e-6
16858,4.597207962364191e-6
16859,1.8388831849456763e-5
16860,6.129610616485588e-6
16861,9.194415924728382e-6
16862,1.532402654121397e-6
16863,9.194415924728382e-6
16864,1.2412461498383315e-4
16865,6.895811943546286e-5
16866,9.194415924728382e-5
16867,2.4518442465942352e-5
16868,4.597207962364191e-6
16869,1.2259221232971176e-5
16870,3.064805308242794e-6
16871,3.064805308242794e-6
16872,1.6856429195335365e-5
16873,7.662013270606985e-6
16874,7.662013270606985e-6
16875,2.1300396892287416e-4
16876,1.8388831849456763e-5
16877,1.0880058844261918e-4
16878,1.0726818578849778e-5
16879,4.9036884931884704e-5
16880,9.194415924728382e-6
16881,4.597207962364191e-6
16882,7.355532739782705e-4
16883,4.597207962364191e-6
16885,4.597207962364191e-6
16886,4.597207962364191e-6
16887,1.6856429195335365e-5
16888,4.6738280950702605e-4
16889,6.436091147309867e-4
16890,5.516649554837029e-5
16891,1.0573578313437639e-4
16892,6.665951545428077e-4
16893,1.992123450357816e-5
16894,4.597207962364191e-6
16895,3.064805308242794e-6
16896,6.129610616485588e-6
16897,6.129610616485588e-6
16898,6.129610616485588e-6
16899,6.129610616485588e-6
16900,3.064805308242794e-6
16901,2.7583247774185145e-5
16902,3.064805308242794e-6
16903,1.532402654121397e-6
16904,7.662013270606985e-6
16905,5.2101690240127493e-5
16906,1.3791623887092572e-5
16907,2.6050845120063747e-5
16908,3.386609865608287e-4
16910,3.524526104479213e-5
16912,2.7583247774185145e-5
16913,4.75044822777633e-5
16914,2.1453637157699556e-5
16915,7.9684938014312645e-05
16916,2.6050845120063747e-5
16917,2.9115650428306543e-5
16918,9.194415924728382e-6
16919,6.129610616485588e-6
16920,1.2259221232971176e-5
16921,6.129610616485588e-6
16922,7.662013270606985e-6
16923,7.662013270606985e-6
16924,3.064805308242794e-5
16925,3.064805308242794e-6
16926,1.992123450357816e-5
16927,6.129610616485588e-6
16928,1.532402654121397e-6
16929,6.129610616485588e-6
16930,9.50089645555266e-5
16931,3.064805308242794e-6
16932,3.064805308242794e-6
16933,4.597207962364191e-5
16934,1.2259221232971176e-5
16935,4.597207962364191e-6
16936,4.597207962364191e-6
16937,8.887935393904103e-5
16938,3.064805308242794e-6
16939,7.662013270606985e-6
16940,4.597207962364191e-6
16941,3.064805308242794e-6
16942,4.597207962364191e-6
16943,1.532402654121397e-6
16944,4.597207962364191e-6
16945,1.532402654121397e-6
16946,6.129610616485588e-6
16947,7.662013270606985e-6
16948,6.129610616485588e-6
16949,6.129610616485588e-6
16950,7.662013270606985e-6
16951,2.620408538547589e-4
16952,1.992123450357816e-5
16953,7.662013270606985e-6
16954,3.064805308242794e-6
16955,6.129610616485588e-6
16956,2.2986039811820954e-5
16957,3.524526104479213e-5
16958,8.121734066843403e-5
16959,1.1646260171322617e-4
16960,1.6856429195335365e-5
16961,3.064805308242794e-6
16962,2.7583247774185145e-5
16963,1.532402654121397e-6
16964,4.597207962364191e-6
16965,3.585822210644069e-4
16966,3.064805308242794e-6
16967,3.064805308242794e-6
16968,9.194415924728382e-6
16969,1.6856429195335365e-5
16970,4.367347564245981e-4
16971,7.662013270606985e-6
16972,4.597207962364191e-6
16973,2.1453637157699556e-5
16974,1.6856429195335365e-5
16975,1.0726818578849778e-5
16976,3.064805308242794e-6
16977,3.064805308242794e-6
16978,4.597207962364191e-6
16979,1.992123450357816e-5
16980,1.532402654121397e-6
16981,7.662013270606985e-6
16982,1.3791623887092572e-5
16983,4.9036884931884704e-5
16984,3.064805308242794e-6
16985,1.2259221232971176e-5
16986,1.532402654121397e-6
16987,3.064805308242794e-5
16988,1.992123450357816e-5
16989,4.7351242012351165e-4
16990,1.532402654121397e-5
16991,8.887935393904103e-5
16992,7.662013270606985e-6
16993,9.194415924728382e-6
16994,1.2259221232971176e-5
16995,2.4518442465942352e-5
16996,9.194415924728382e-6
16997,1.9614753972753882e-4
16998,6.129610616485588e-6
16999,1.3791623887092572e-4
17000,6.436091147309867e-5
17001,7.049052208958426e-5
17002,1.6856429195335367e-4
17003,1.532402654121397e-5
17005,3.2180455736549336e-5
17006,3.064805308242794e-6
17007,4.290727431539911e-5
17008,1.0726818578849778e-5
17009,9.194415924728382e-6
17010,9.194415924728382e-6
17011,3.064805308242794e-6
17012,9.347656190140522e-5
17013,3.064805308242794e-6
17014,6.282850881897727e-5
17015,4.597207962364191e-6
17016,1.9155033176517463e-4
17017,9.056499685857456e-4
17018,7.662013270606985e-6
17020,1.532402654121397e-5
17021,3.064805308242794e-6
17022,9.194415924728382e-6
17023,2.2986039811820954e-4
17024,1.0726818578849778e-5
17025,7.662013270606985e-6
17026,6.129610616485588e-6
17027,6.129610616485588e-6
17028,2.8042968570421564e-4
17029,1.532402654121397e-6
17030,3.064805308242794e-6
17031,6.129610616485588e-6
17032,1.0726818578849778e-5
17033,4.597207962364191e-6
17034,1.6856429195335365e-5
17035,9.194415924728382e-6
17036,7.662013270606985e-6
17037,3.831006635303492e-5
17038,4.443967696952051e-5
17039,6.282850881897727e-5
17040,9.194415924728382e-6
17041,1.532402654121397e-5
17042,6.129610616485588e-6
17043,4.443967696952051e-5
17044,5.102900838224252e-4
17045,2.4518442465942352e-5
17046,4.597207962364191e-6
17047,3.064805308242794e-6
17048,4.597207962364191e-6
17049,5.3634092894248895e-5
17050,6.129610616485588e-6
17051,4.597207962364191e-6
17052,1.532402654121397e-6
17053,1.532402654121397e-6
17054,3.064805308242794e-6
17055,1.532402654121397e-6
17056,6.129610616485588e-6
17057,7.662013270606985e-6
17058,1.532402654121397e-6
17060,2.9115650428306543e-5
17061,1.0726818578849778e-5
17062,3.831006635303492e-5
17063,1.532402654121397e-6
17064,4.597207962364191e-6
17065,0.00015783747337450388
17066,1.0726818578849778e-5
17067,3.371285839067073e-5
17068,3.018833228619152e-4
17069,0.0016687864903382013
17070,5.164196944389107e-4
17072,3.2180455736549336e-5
17074,2.926889069371868e-4
17075,1.2259221232971176e-5
17076,7.907197695266408e-4
17077,3.064805308242794e-6
17078,7.662013270606984e-5
17079,6.129610616485588e-6
17080,1.6856429195335365e-5
17081,9.194415924728382e-6
17082,1.532402654121397e-5
17083,4.597207962364191e-6
17084,1.8695312380281043e-4
17085,4.597207962364191e-6
17086,7.355532739782705e-5
17087,1.8388831849456763e-5
17088,3.064805308242794e-6
17090,1.532402654121397e-6
17091,7.662013270606985e-6
17092,3.064805308242794e-6
17093,3.831006635303492e-5
17094,1.3791623887092572e-5
17095,7.662013270606985e-6
17096,4.597207962364191e-6
17097,4.597207962364191e-6
17098,4.597207962364191e-6
17099,3.064805308242794e-6
17100,1.532402654121397e-5
17101,1.2259221232971176e-5
17102,9.194415924728382e-6
17104,1.532402654121397e-6
17105,2.4518442465942352e-5
17106,1.532402654121397e-6
17107,2.2986039811820954e-5
17108,1.992123450357816e-5
17109,9.194415924728382e-6
17110,7.662013270606984e-5
17111,2.7583247774185145e-5
17112,1.992123450357816e-4
17113,3.064805308242794e-6
17114,7.508773005194845e-5
17115,9.194415924728382e-6
17116,6.129610616485588e-6
17117,2.9115650428306543e-5
17118,1.532402654121397e-6
17120,3.2180455736549336e-5
17121,7.662013270606985e-6
17122,7.662013270606985e-6
17124,6.129610616485588e-6
17125,1.2259221232971176e-5
17126,4.597207962364191e-6
17127,4.597207962364191e-6
17128,6.129610616485588e-6
17129,1.6090227868274668e-4
17130,2.1453637157699556e-5
17131,3.064805308242794e-6
17132,3.064805308242794e-6
17133,2.1453637157699556e-5
17134,3.064805308242794e-5
17135,3.064805308242794e-6
17136,3.064805308242794e-6
17137,1.532402654121397e-6
17138,1.2259221232971176e-5
17139,3.064805308242794e-6
17140,3.064805308242794e-6
17141,6.129610616485588e-6
17142,2.2986039811820954e-5
17143,1.3791623887092572e-5
17144,3.064805308242794e-6
17145,4.597207962364191e-6
17146,1.2259221232971176e-5
17147,1.992123450357816e-5
17148,3.064805308242794e-6
17149,3.064805308242794e-6
17150,7.662013270606985e-6
17151,1.532402654121397e-6
17152,6.129610616485588e-6
17153,3.064805308242794e-6
17154,9.194415924728382e-6
17155,1.3791623887092572e-5
17156,4.597207962364191e-6
17157,9.194415924728382e-6
17158,3.064805308242794e-6
17159,2.2832799546408815e-4
17160,1.0726818578849778e-5
17162,5.8231300856613086e-5
17164,4.597207962364191e-6
17165,1.532402654121397e-5
17166,2.2986039811820954e-5
17167,4.597207962364191e-6
17168,1.0726818578849778e-5
17169,1.0726818578849778e-5
17170,7.662013270606985e-6
17171,7.662013270606985e-6
17172,9.194415924728382e-6
17173,1.8388831849456763e-5
17175,4.597207962364191e-6
17176,1.3791623887092572e-5
17177,4.75044822777633e-5
17178,2.4518442465942352e-5
17179,1.900179291110532e-4
17180,2.2986039811820954e-5
17181,3.064805308242794e-6
17182,3.6777663698913526e-5
17183,2.1453637157699556e-5
17184,6.129610616485588e-6
17185,3.064805308242794e-6
17186,3.064805308242794e-6
17187,3.064805308242794e-6
17188,4.597207962364191e-6
17189,4.597207962364191e-6
17190,7.662013270606985e-6
17191,4.597207962364191e-6
17192,3.064805308242794e-5
17193,3.371285839067073e-5
17194,9.194415924728382e-6
17195,3.064805308242794e-6
17196,3.064805308242794e-6
17197,1.7316149991571786e-4
17198,1.532402654121397e-5
17199,3.524526104479213e-5
17200,2.4518442465942352e-5
17201,9.50089645555266e-5
17202,3.064805308242794e-6
17203,4.597207962364191e-6
17204,4.597207962364191e-6
17205,6.129610616485588e-6
17207,7.662013270606985e-6
17208,7.662013270606985e-6
17210,4.597207962364191e-6
17211,4.597207962364191e-6
17212,4.597207962364191e-6
17213,3.064805308242794e-6
17214,4.597207962364191e-6
17215,6.129610616485588e-6
17216,7.9684938014312645e-05
17217,1.6856429195335365e-5
17219,5.6698898202491684e-5
17220,1.6856429195335365e-5
17221,1.532402654121397e-6
17222,3.371285839067073e-5
17223,4.290727431539911e-5
17224,1.2259221232971176e-5
17225,3.064805308242794e-6
17227,1.1186539375086198e-4
17228,1.3791623887092572e-5
17229,1.0726818578849778e-5
17230,3.831006635303492e-5
17231,2.1453637157699556e-5
17232,9.194415924728382e-6
17233,1.6856429195335365e-5
17234,6.742571678134146e-5
17235,8.121734066843403e-5
17236,1.532402654121397e-5
17237,1.6856429195335365e-5
17238,4.597207962364191e-5
17239,3.524526104479213e-5
17240,1.2259221232971176e-5
17241,6.129610616485588e-6
17242,3.064805308242794e-6
17243,4.597207962364191e-6
17244,2.0380955299814578e-4
17245,1.0726818578849778e-5
17246,1.532402654121397e-6
17247,1.8388831849456763e-5
17248,1.532402654121397e-5
17249,7.662013270606985e-6
17250,9.194415924728382e-6
17251,1.0726818578849778e-5
17252,8.428214597667684e-5
17254,6.129610616485588e-6
17255,2.4518442465942352e-5
17256,7.662013270606985e-6
17257,3.064805308242794e-6
17258,3.064805308242794e-6
17259,1.8388831849456763e-5
17260,4.597207962364191e-6
17261,4.597207962364191e-6
17262,1.8388831849456763e-5
17263,4.597207962364191e-5
17264,1.3791623887092572e-5
17265,4.597207962364191e-6
17266,7.662013270606985e-6
17267,1.8388831849456763e-5
17268,1.0726818578849778e-5
17269,1.992123450357816e-5
17270,6.129610616485588e-6
17271,1.8388831849456763e-5
17272,6.129610616485588e-6
17273,4.597207962364191e-6
17274,6.129610616485588e-6
17275,4.597207962364191e-6
17276,6.129610616485588e-6
17277,4.597207962364191e-6
17278,7.662013270606985e-6
17279,7.662013270606985e-6
17280,3.064805308242794e-6
17281,1.0726818578849778e-5
17282,3.064805308242794e-6
17283,1.3791623887092572e-5
17284,1.532402654121397e-5
17285,1.0726818578849778e-5
17286,2.2986039811820954e-5
17287,4.597207962364191e-6
17288,9.194415924728382e-6
17289,1.532402654121397e-6
17290,6.129610616485588e-6
17291,6.129610616485588e-6
17292,1.6856429195335365e-5
17293,4.597207962364191e-6
17294,4.597207962364191e-6
17295,6.129610616485588e-6
17296,7.662013270606985e-6
17297,3.064805308242794e-6
17298,3.064805308242794e-6
17299,6.129610616485588e-6
17300,1.3791623887092572e-5
17301,5.6698898202491684e-5
17302,6.129610616485588e-6
17303,1.532402654121397e-6
17304,6.129610616485588e-6
17305,3.064805308242794e-6
17307,9.194415924728382e-6
17308,1.0726818578849778e-5
17309,1.0726818578849778e-5
17310,6.129610616485588e-5
17311,1.0726818578849778e-5
17312,4.597207962364191e-6
17313,6.129610616485588e-6
17314,1.2259221232971176e-5
17315,8.121734066843403e-5
17316,6.129610616485588e-6
17317,8.290298358796757e-4
17318,9.194415924728382e-6
17319,1.8388831849456763e-5
17320,4.597207962364191e-6
17321,2.4518442465942352e-5
17322,2.4518442465942352e-5
17323,1.532402654121397e-5
17324,1.2259221232971176e-5
17325,5.976370351073448e-5
17326,9.194415924728382e-6
17327,6.129610616485588e-6
17328,1.532402654121397e-5
17329,1.2565701763795454e-4
17330,9.194415924728382e-6
17331,3.064805308242794e-6
17332,6.129610616485588e-6
17333,1.532402654121397e-6
17334,9.194415924728382e-6
17335,1.532402654121397e-6
17336,4.75044822777633e-5
17337,3.064805308242794e-6
17338,1.532402654121397e-5
17339,1.532402654121397e-5
17340,4.597207962364191e-6
17341,8.274974332255543e-5
17342,6.129610616485588e-6
17343,1.532402654121397e-6
17345,1.0880058844261918e-4
17346,4.597207962364191e-6
17347,6.895811943546286e-5
17348,2.4518442465942352e-5
17349,4.597207962364191e-6
17350,4.597207962364191e-6
17351,3.831006635303492e-5
17352,2.7276767243360867e-4
17353,1.532402654121397e-6
17354,4.597207962364191e-6
17355,9.194415924728382e-6
17356,1.3791623887092572e-5
17357,2.9115650428306543e-5
17358,1.992123450357816e-5
17359,4.597207962364191e-6
17360,6.129610616485588e-6
17361,9.96061725178908e-5
17362,2.4518442465942352e-5
17363,3.064805308242794e-6
17364,6.129610616485588e-6
17365,1.2412461498383315e-4
17366,8.274974332255543e-5
17367,3.6777663698913526e-5
17368,4.290727431539911e-5
17369,1.6856429195335365e-5
17370,1.532402654121397e-5
17371,6.129610616485588e-6
17372,3.064805308242794e-6
17373,4.597207962364191e-6
17374,4.75044822777633e-5
17375,1.3791623887092572e-5
17376,1.6856429195335365e-5
17377,1.0726818578849778e-5
17378,6.129610616485588e-6
17379,3.064805308242794e-6
17380,1.3791623887092572e-5
17381,1.394486415250471e-4
17382,4.597207962364191e-6
17383,8.734695128491963e-5
17384,1.1493019905910477e-4
17386,7.662013270606985e-6
17387,4.597207962364191e-6
17388,1.8388831849456763e-5
17389,1.2259221232971176e-5
17390,6.129610616485588e-6
17392,4.290727431539911e-5
17393,7.662013270606985e-6
17394,1.532402654121397e-5
17395,1.6856429195335365e-5
17396,3.064805308242794e-6
17397,3.064805308242794e-6
17398,6.129610616485588e-6
17399,3.6777663698913526e-5
17400,3.064805308242794e-6
17401,4.597207962364191e-6
17402,1.532402654121397e-6
17403,6.405443094227439e-4
17404,1.992123450357816e-5
17405,6.895811943546286e-5
17406,2.9115650428306543e-5
17407,1.4098104417916853e-4
17408,1.532402654121397e-6
17409,2.4518442465942352e-5
17410,7.9684938014312645e-05
17411,7.662013270606985e-6
17412,1.3791623887092572e-5
17413,2.681704644712445e-4
17414,4.597207962364191e-6
17415,9.194415924728382e-6
17416,3.2180455736549336e-5
17417,2.9115650428306543e-5
17419,6.129610616485588e-6
17420,2.4518442465942353e-4
17421,2.7583247774185145e-5
17422,2.4518442465942352e-5
17423,3.2180455736549336e-5
17424,2.00744747689903e-4
17425,6.129610616485588e-6
17426,1.532402654121397e-5
17427,1.976799423816602e-4
17428,1.0726818578849778e-5
17429,9.194415924728382e-6
17430,0.0010788114685014634
17431,7.662013270606985e-6
17432,7.662013270606985e-6
17433,5.8231300856613086e-5
17434,1.3791623887092572e-5
17435,2.7583247774185145e-5
17436,7.662013270606985e-6
17437,4.597207962364191e-6
17438,6.129610616485588e-6
17439,1.563050707203825e-4
17440,1.532402654121397e-6
17441,2.1453637157699556e-5
17442,7.662013270606985e-6
17443,3.064805308242794e-6
17444,4.9036884931884704e-5
17445,1.0726818578849778e-5
17446,1.6856429195335365e-5
17447,9.194415924728382e-6
17448,6.129610616485588e-6
17449,1.532402654121397e-6
17450,7.662013270606985e-6
17451,1.0726818578849778e-5
17452,1.532402654121397e-5
17454,1.532402654121397e-6
17455,2.7583247774185145e-5
17456,5.317437209801248e-4
17457,1.532402654121397e-6
17458,1.2872182294619734e-4
17459,2.4518442465942352e-5
17460,3.064805308242794e-6
17461,2.6050845120063747e-5
17462,3.831006635303492e-5
17463,3.064805308242794e-6
17464,3.064805308242794e-6
17465,1.532402654121397e-5
17466,4.597207962364191e-5
17467,3.064805308242794e-6
17468,9.194415924728382e-6
17469,2.1453637157699558e-4
17470,7.662013270606985e-6
17471,6.129610616485588e-5
17472,1.0726818578849778e-5
17473,4.597207962364191e-6
17474,3.064805308242794e-6
17475,7.662013270606985e-6
17476,3.064805308242794e-6
17477,7.662013270606985e-6
17478,9.194415924728382e-6
17479,1.0726818578849778e-5
17480,4.597207962364191e-6
17481,6.129610616485588e-6
17482,6.129610616485588e-6
17483,4.597207962364191e-6
17484,2.405872166970593e-4
17485,4.443967696952051e-5
17486,3.984246900715632e-5
17487,9.96061725178908e-5
17488,2.7583247774185145e-5
17490,1.532402654121397e-6
17491,2.681704644712445e-4
17492,7.662013270606985e-6
17493,3.064805308242794e-5
17494,9.194415924728382e-6
17495,2.4518442465942352e-5
17496,4.597207962364191e-6
17497,1.2718942029207595e-4
17498,2.4518442465942352e-5
17499,4.597207962364191e-6
17500,1.532402654121397e-6
17501,7.662013270606985e-6
17502,1.0726818578849778e-5
17503,9.194415924728382e-6
17504,4.597207962364191e-6
17505,1.8388831849456763e-5
17506,2.4518442465942352e-5
17507,6.129610616485588e-6
17508,2.2986039811820954e-5
17509,5.118224864765465e-4
17510,2.957537122454296e-4
17511,4.597207962364191e-6
17512,1.532402654121397e-5
17513,9.194415924728382e-6
17514,1.992123450357816e-5
17515,1.532402654121397e-6
17516,1.8388831849456763e-5
17517,1.992123450357816e-5
17518,4.597207962364191e-6
17519,3.064805308242794e-6
17521,1.2259221232971176e-5
17522,1.0880058844261918e-4
17523,9.194415924728382e-6
17524,6.129610616485588e-6
17525,3.6777663698913526e-4
17526,6.895811943546286e-5
17527,7.662013270606985e-6
17528,1.3791623887092572e-5
17529,8.887935393904103e-5
17530,4.597207962364191e-6
17531,1.532402654121397e-6
17532,1.0726818578849778e-5
17533,9.194415924728382e-6
17534,3.064805308242794e-6
17535,1.3791623887092572e-5
17536,3.6777663698913526e-5
17537,4.597207962364191e-6
17538,4.597207962364191e-6
17539,5.05692875860061e-4
17540,2.0840676096050997e-4
17541,9.194415924728382e-6
17542,2.8655929632070124e-4
17543,6.129610616485588e-6
17544,4.597207962364191e-6
17545,2.6050845120063747e-5
17546,7.662013270606985e-6
17547,3.831006635303492e-5
17548,3.2180455736549336e-5
17549,1.3791623887092572e-5
17550,9.194415924728382e-6
17551,4.597207962364191e-6
17552,1.532402654121397e-5
17553,3.064805308242794e-6
17554,6.129610616485588e-6
17555,6.129610616485588e-6
17556,6.129610616485588e-6
17557,3.064805308242794e-6
17558,1.3791623887092572e-5
17559,4.597207962364191e-6
17560,9.194415924728382e-6
17561,1.532402654121397e-6
17562,1.2259221232971176e-5
17563,1.2259221232971176e-5
17564,3.831006635303492e-5
17565,6.129610616485588e-6
17566,7.662013270606985e-6
17567,1.532402654121397e-6
17568,2.1453637157699556e-5
17569,6.129610616485588e-6
17570,6.129610616485588e-6
17571,1.3791623887092572e-5
17572,1.3791623887092572e-5
17573,6.129610616485588e-6
17574,6.129610616485588e-6
17575,8.734695128491963e-5
17576,7.662013270606985e-6
17577,1.0726818578849778e-5
17578,4.597207962364191e-6
17579,3.064805308242794e-6
17580,3.064805308242794e-6
17581,9.194415924728382e-6
17582,7.662013270606985e-6
17583,4.597207962364191e-6
17585,7.662013270606985e-6
17586,9.50089645555266e-5
17587,5.6698898202491684e-5
17588,7.662013270606985e-6
17589,4.597207962364191e-6
17590,4.597207962364191e-6
17591,1.6856429195335365e-5
17592,1.532402654121397e-5
17593,7.662013270606985e-6
17594,3.064805308242794e-6
17595,1.2259221232971176e-5
17596,1.2259221232971176e-5
17597,1.532402654121397e-6
17598,4.597207962364191e-6
17599,6.129610616485588e-6
17600,6.129610616485588e-6
17601,4.597207962364191e-6
17603,2.1300396892287416e-4
17605,4.9036884931884704e-5
17606,2.681704644712445e-4
17608,3.6624423433501385e-4
17609,4.75044822777633e-5
17610,7.662013270606985e-6
17611,2.4518442465942352e-5
17612,1.532402654121397e-6
17613,3.509202077937999e-4
17614,3.064805308242794e-6
17615,3.6777663698913526e-5
17616,7.662013270606985e-6
17617,1.532402654121397e-6
17618,4.597207962364191e-6
17619,1.532402654121397e-6
17620,3.831006635303492e-5
17621,7.662013270606985e-6
17622,9.194415924728382e-6
17623,2.436520220053021e-4
17624,5.6698898202491684e-5
17625,1.0726818578849778e-5
17626,4.597207962364191e-6
17627,6.129610616485588e-6
17628,4.597207962364191e-6
17629,1.1952740702146896e-4
17630,2.2986039811820954e-5
17631,1.3791623887092572e-5
17632,1.2259221232971176e-5
17633,3.064805308242794e-6
17634,1.532402654121397e-6
17635,1.2259221232971176e-5
17636,6.129610616485588e-6
17637,1.2259221232971176e-5
17638,4.597207962364191e-6
17639,6.129610616485588e-6
17640,7.662013270606985e-6
17641,1.532402654121397e-6
17642,1.6856429195335365e-5
17643,6.129610616485588e-6
17644,1.0726818578849778e-5
17645,1.0726818578849778e-5
17646,4.597207962364191e-6
17647,1.0726818578849778e-5
17648,1.532402654121397e-5
17650,1.7929111053220344e-4
17651,6.129610616485588e-6
17652,2.1453637157699556e-5
17653,3.064805308242794e-6
17654,1.532402654121397e-5
17655,6.129610616485588e-6
17656,7.662013270606985e-6
17657,4.597207962364191e-6
17658,2.9115650428306543e-5
17659,1.532402654121397e-6
17660,6.129610616485588e-6
17661,1.532402654121397e-6
17662,3.064805308242794e-6
17663,3.064805308242794e-6
17664,4.597207962364191e-6
17665,1.2259221232971176e-5
17666,7.662013270606985e-6
17667,6.129610616485588e-6
17668,1.532402654121397e-6
17669,4.597207962364191e-6
17670,9.194415924728382e-6
17671,4.597207962364191e-6
17672,4.597207962364191e-6
17673,3.064805308242794e-6
17674,8.075761987219762e-4
17675,1.6856429195335365e-5
17676,1.8388831849456763e-5
17677,9.194415924728382e-6
17678,1.992123450357816e-5
17679,1.6856429195335365e-5
17680,5.516649554837029e-5
17681,7.662013270606985e-6
17682,5.8231300856613086e-5
17683,1.3791623887092572e-5
17684,4.597207962364191e-6
17685,9.194415924728382e-6
17686,4.597207962364191e-6
17687,8.734695128491963e-5
17688,1.0726818578849778e-5
17689,5.470677475213387e-4
17690,3.064805308242794e-6
17691,3.064805308242794e-6
17693,3.064805308242794e-6
17694,1.0726818578849778e-5
17695,2.6050845120063747e-5
17696,2.8042968570421564e-4
17697,1.532402654121397e-6
17698,3.2180455736549336e-5
17699,9.194415924728382e-6
17700,4.597207962364191e-6
17701,6.129610616485588e-6
17702,1.3791623887092572e-5
17703,7.662013270606985e-6
17704,6.129610616485588e-6
17705,6.129610616485588e-6
17706,6.129610616485588e-6
17707,4.597207962364191e-6
17708,1.3791623887092572e-5
17709,1.532402654121397e-6
17710,8.121734066843403e-5
17711,9.194415924728382e-6
17712,1.0726818578849778e-5
17713,6.129610616485588e-6
17714,6.129610616485588e-6
17715,4.597207962364191e-6
17716,4.597207962364191e-6
17717,4.597207962364191e-6
17718,4.597207962364191e-6
17719,2.4518442465942352e-5
17721,4.597207962364191e-6
17722,3.064805308242794e-5
17723,9.194415924728382e-6
17724,4.597207962364191e-6
17725,2.2986039811820954e-5
17726,6.129610616485588e-6
17727,3.064805308242794e-6
17728,4.597207962364191e-6
17729,7.662013270606985e-6
17730,2.482492299676663e-4
17731,4.597207962364191e-6
17732,2.2832799546408815e-4
17733,6.742571678134146e-5
17735,2.3445760608057373e-4
17736,3.064805308242794e-6
17737,9.194415924728382e-6
17738,7.508773005194845e-5
17739,7.662013270606985e-6
17741,6.129610616485588e-6
17742,3.064805308242794e-6
17743,1.992123450357816e-5
17744,9.194415924728382e-6
17745,2.7583247774185145e-5
17746,9.194415924728382e-6
17747,1.0726818578849778e-5
17748,1.0726818578849779e-4
17749,1.3791623887092572e-5
17750,2.6050845120063747e-5
17751,2.4518442465942352e-5
17752,1.0726818578849778e-5
17753,4.597207962364191e-6
17754,5.6698898202491684e-5
17755,4.597207962364191e-6
17756,3.064805308242794e-6
17758,5.05692875860061e-5
17759,0.0012841534241537307
17760,3.064805308242794e-6
17761,7.600717164442128e-4
17762,1.8388831849456763e-5
17763,6.129610616485588e-6
17764,5.562621634460671e-4
17765,4.597207962364191e-6
17766,1.0726818578849778e-5
17767,1.6549948664511087e-4
17768,2.4518442465942352e-5
17769,6.129610616485588e-6
17770,7.662013270606985e-6
17771,9.194415924728382e-6
17772,1.3791623887092572e-5
17773,9.194415924728382e-6
17774,1.6856429195335365e-5
17775,7.508773005194845e-5
17776,9.50089645555266e-5
17777,3.524526104479213e-5
17778,4.597207962364191e-6
17779,6.129610616485588e-6
17780,6.436091147309867e-5
17781,0.0011324455613957124
17782,2.1453637157699556e-5
17783,3.064805308242794e-6
17784,3.064805308242794e-6
17785,2.3292520342645234e-4
17786,6.129610616485588e-6
17787,1.532402654121397e-6
17788,3.064805308242794e-6
17789,6.129610616485588e-5
17790,6.589331412722007e-5
17791,9.194415924728382e-6
17792,4.597207962364191e-6
17793,1.8388831849456763e-4
17794,1.3791623887092572e-5
17795,0.0011998712781770538
17796,1.0573578313437639e-4
17797,6.32882296152137e-4
17798,2.7583247774185145e-5
17799,1.532402654121397e-6
17800,4.597207962364191e-6
17801,4.597207962364191e-6
17802,1.8388831849456763e-5
17803,2.1453637157699556e-5
17804,3.064805308242794e-6
17805,5.976370351073448e-5
17806,4.443967696952051e-5
17807,4.597207962364191e-6
17808,1.532402654121397e-6
17809,3.831006635303492e-5
17811,9.194415924728382e-6
17812,4.597207962364191e-6
17813,3.371285839067073e-5
17814,2.6050845120063747e-5
17815,1.2259221232971176e-5
17816,3.064805308242794e-6
17817,4.597207962364191e-6
17818,7.662013270606985e-6
17819,2.4518442465942352e-5
17820,3.064805308242794e-6
17821,4.597207962364191e-6
17822,7.662013270606985e-6
17823,1.7775870787808205e-4
17824,1.532402654121397e-6
17825,1.0726818578849778e-5
17826,4.597207962364191e-6
17827,6.129610616485588e-6
17828,2.1453637157699556e-5
17829,1.3791623887092572e-5
17830,1.0880058844261918e-4
17831,9.194415924728382e-6
17832,1.3791623887092572e-5
17833,7.662013270606985e-6
17834,1.532402654121397e-6
17835,4.597207962364191e-6
17836,9.194415924728382e-6
17837,1.0726818578849778e-5
17838,1.532402654121397e-5
17839,4.597207962364191e-6
17840,9.194415924728382e-6
17841,1.532402654121397e-6
17843,9.194415924728382e-6
17844,7.662013270606985e-6
17845,1.2259221232971176e-5
17846,9.194415924728382e-6
17847,4.597207962364191e-6
17848,1.2105980967559036e-4
17849,1.3791623887092572e-5
17850,1.8388831849456763e-5
17851,1.532402654121397e-6
17852,2.4518442465942352e-5
17853,1.3791623887092572e-5
17854,2.1453637157699556e-5
17855,6.129610616485588e-6
17856,3.064805308242794e-6
17857,1.8388831849456763e-5
17858,3.064805308242794e-6
17859,1.0726818578849778e-5
17860,6.129610616485588e-6
17861,3.064805308242794e-6
17862,1.3791623887092572e-5
17863,3.064805308242794e-6
17864,1.992123450357816e-5
17865,7.662013270606985e-6
17866,1.0726818578849778e-5
17867,3.064805308242794e-6
17868,7.662013270606985e-6
17869,9.194415924728382e-6
17870,4.597207962364191e-6
17871,1.992123450357816e-5
17872,4.597207962364191e-6
17874,4.597207962364191e-6
17875,2.00744747689903e-4
17876,2.2986039811820954e-5
17877,9.194415924728382e-6
17878,1.532402654121397e-6
17879,6.129610616485588e-6
17880,4.597207962364191e-6
17881,1.0726818578849778e-5
17882,2.1453637157699556e-5
17883,1.2259221232971176e-5
17884,2.2986039811820954e-5
17885,1.3791623887092572e-5
17886,3.831006635303492e-5
17887,1.8235591584044624e-4
17888,2.1453637157699556e-5
17889,3.064805308242794e-6
17890,9.194415924728382e-6
17891,2.9115650428306543e-5
17892,1.2259221232971176e-5
17893,4.597207962364191e-6
17894,1.3791623887092572e-5
17895,1.532402654121397e-6
17896,8.274974332255543e-5
17897,4.597207962364191e-6
17898,8.658074995785892e-4
17900,1.532402654121397e-6
17901,3.2793416798197896e-4
17902,4.597207962364191e-6
17903,9.6541367209648e-5
17904,1.2872182294619734e-4
17905,6.895811943546286e-5
17906,4.98030862589454e-4
17907,2.9115650428306543e-5
17908,4.474615750034479e-4
17909,1.3791623887092572e-5
17910,2.3599000873469512e-4
17911,1.3791623887092572e-5
17912,5.516649554837029e-5
17913,1.532402654121397e-6
17914,1.8388831849456763e-5
17915,1.532402654121397e-6
17916,5.669889820249168e-4
17917,1.532402654121397e-6
17918,1.532402654121397e-6
17919,1.8388831849456763e-5
17920,1.532402654121397e-6
17921,3.080129334784008e-4
17922,1.3791623887092572e-5
17923,1.992123450357816e-5
17924,3.064805308242794e-6
17925,4.597207962364191e-6
17926,1.0726818578849778e-5
17927,9.194415924728382e-6
17928,2.6050845120063747e-5
17929,1.486430574497755e-4
17930,3.064805308242794e-6
17931,6.282850881897727e-5
17932,3.064805308242794e-6
17933,9.6541367209648e-5
17934,3.064805308242794e-6
17935,1.532402654121397e-6
17936,6.129610616485588e-6
17937,3.064805308242794e-6
17938,3.064805308242794e-6
17939,5.6698898202491684e-5
17940,1.0726818578849778e-5
17941,2.4518442465942352e-5
17942,6.436091147309867e-5
17943,9.50089645555266e-5
17944,2.4518442465942352e-5
17945,3.064805308242794e-6
17946,3.064805308242794e-6
17947,1.8388831849456763e-5
17948,9.194415924728382e-6
17949,4.597207962364191e-6
17950,1.532402654121397e-6
17951,1.0726818578849778e-5
17952,3.064805308242794e-6
17953,3.064805308242794e-6
17954,8.121734066843403e-5
17955,3.6777663698913526e-5
17956,6.129610616485588e-6
17957,3.064805308242794e-6
17959,4.75044822777633e-5
17960,1.0726818578849778e-5
17961,1.2259221232971176e-5
17962,0.001301009853349066
17963,4.597207962364191e-6
17964,2.681704644712445e-4
17965,4.597207962364191e-6
17966,9.194415924728382e-6
17967,3.2180455736549336e-5
17968,6.129610616485588e-6
17969,6.129610616485588e-6
17970,4.597207962364191e-6
17971,3.064805308242794e-6
17972,1.1033299109674058e-4
17973,6.589331412722007e-5
17974,1.0726818578849778e-5
17975,7.202292474370565e-5
17976,1.992123450357816e-5
17977,6.436091147309867e-5
17978,7.662013270606985e-6
17979,3.064805308242794e-6
17980,1.0726818578849778e-5
17981,6.129610616485588e-6
17982,8.428214597667684e-5
17983,1.532402654121397e-6
17984,3.2180455736549336e-5
17985,1.532402654121397e-6
17986,4.9036884931884704e-5
17987,2.4518442465942352e-5
17988,1.532402654121397e-5
17989,9.194415924728382e-6
17990,4.597207962364191e-6
17991,1.6856429195335365e-5
17992,7.815253536019124e-5
17993,6.129610616485588e-6
17994,6.129610616485588e-6
17995,4.597207962364191e-6
17996,4.597207962364191e-6
17997,7.662013270606985e-6
17998,4.597207962364191e-6
17999,1.8388831849456763e-5
18000,2.2986039811820954e-5
18001,3.064805308242794e-6
18002,1.9614753972753882e-4
18003,3.064805308242794e-5
18004,9.194415924728382e-6
18005,4.597207962364191e-6
18006,4.9036884931884704e-5
18007,3.064805308242794e-6
18008,2.7583247774185145e-5
18009,1.6856429195335365e-5
18010,4.597207962364191e-5
18011,1.0726818578849778e-5
18012,1.532402654121397e-5
18013,8.428214597667684e-5
18014,4.9036884931884704e-5
18015,3.371285839067073e-5
18016,3.187397520572506e-4
18017,3.064805308242794e-6
18018,9.194415924728382e-6
18019,3.064805308242794e-6
18020,1.532402654121397e-5
18021,7.662013270606985e-6
18022,3.1567494674900775e-4
18023,0.0010527606233813997
18024,4.8423923870236145e-4
18025,6.895811943546286e-5
18026,1.3638383621680434e-4
18027,1.4557825214153272e-4
18028,6.129610616485588e-5
18029,3.064805308242794e-6
18030,6.834515837381431e-4
18031,3.631794290267711e-4
18032,0.001443523300182356
18033,3.831006635303492e-5
18034,4.597207962364191e-6
18035,7.662013270606985e-6
18036,1.0726818578849778e-5
18037,9.194415924728382e-6
18038,3.064805308242794e-5
18039,3.064805308242794e-6
18040,1.8388831849456763e-5
18041,4.597207962364191e-6
18042,1.6856429195335365e-5
18043,3.371285839067073e-5
18044,4.597207962364191e-6
18045,2.620408538547589e-4
18047,2.2986039811820954e-5
18048,4.597207962364191e-5
18049,3.064805308242794e-6
18050,1.2259221232971176e-5
18051,2.7276767243360867e-4
18052,9.194415924728382e-6
18053,1.8388831849456763e-5
18054,3.064805308242794e-6
18055,9.194415924728382e-6
18056,7.662013270606985e-6
18057,4.597207962364191e-6
18059,3.064805308242794e-6
18060,9.194415924728382e-6
18061,3.064805308242794e-6
18063,6.129610616485588e-6
18064,4.597207962364191e-6
18065,1.471106547956541e-4
18066,9.194415924728382e-6
18067,7.662013270606985e-6
18068,7.049052208958426e-5
18069,4.443967696952051e-5
18070,1.0726818578849778e-5
18071,4.597207962364191e-6
18072,9.194415924728382e-6
18073,6.129610616485588e-6
18074,2.4518442465942352e-5
18075,1.8388831849456763e-5
18076,6.589331412722007e-5
18077,5.05692875860061e-5
18078,2.6050845120063747e-5
18079,6.788543757757789e-4
18080,3.064805308242794e-5
18081,1.1033299109674058e-4
18082,2.4518442465942352e-5
18083,3.064805308242794e-6
18084,6.129610616485588e-6
18085,4.597207962364191e-6
18086,4.443967696952051e-5
18087,4.597207962364191e-6
18088,1.2259221232971176e-5
18089,2.1453637157699556e-5
18090,4.597207962364191e-6
18091,7.662013270606985e-6
18092,9.194415924728382e-6
18093,3.064805308242794e-6
18094,1.2259221232971176e-5
18095,1.2259221232971176e-5
18096,3.064805308242794e-6
18097,2.1453637157699556e-5
18098,1.0726818578849778e-5
18099,7.662013270606985e-6
18100,1.532402654121397e-5
18101,1.532402654121397e-6
18102,3.064805308242794e-6
18103,9.194415924728382e-6
18104,4.597207962364191e-6
18105,2.5591124323827327e-4
18106,5.516649554837029e-5
18107,9.194415924728382e-6
18108,7.600717164442128e-4
18109,4.443967696952051e-5
18110,9.194415924728382e-6
18111,4.597207962364191e-6
18112,1.532402654121397e-6
18113,1.026709778261336e-4
18114,7.9684938014312645e-05
18115,4.75044822777633e-5
18116,4.597207962364191e-6
18117,4.597207962364191e-6
18118,6.589331412722007e-5
18119,1.2259221232971176e-5
18120,1.0726818578849778e-5
18121,6.129610616485588e-6
18122,1.6856429195335365e-5
18123,7.662013270606984e-5
18124,4.597207962364191e-6
18125,1.532402654121397e-5
18126,4.443967696952051e-5
18127,1.2718942029207595e-4
18128,1.394486415250471e-4
18129,6.129610616485588e-6
18130,5.976370351073448e-5
18131,2.4518442465942352e-5
18132,6.129610616485588e-6
18133,6.742571678134146e-5
18134,1.992123450357816e-5
18135,1.2259221232971176e-5
18136,3.6777663698913526e-5
18137,3.371285839067073e-5
18138,3.064805308242794e-6
18139,4.597207962364191e-6
18140,4.597207962364191e-5
18141,3.064805308242794e-6
18142,3.693090396432567e-4
18143,1.946151370734174e-4
18144,1.6856429195335365e-5
18145,8.121734066843403e-5
18146,0.0014741713532647838
18147,1.2412461498383315e-4
18148,1.8388831849456763e-5
18149,9.347656190140522e-5
18150,7.662013270606985e-6
18151,1.3331903090856153e-4
18152,1.2718942029207595e-4
18153,2.2986039811820954e-5
18154,2.1453637157699556e-5
18155,7.662013270606985e-6
18156,2.1453637157699556e-5
18157,4.137487166127772e-5
18158,2.7583247774185145e-5
18159,2.9115650428306543e-5
18160,4.106839113045344e-4
18161,9.194415924728382e-6
18162,6.129610616485588e-6
18163,3.064805308242794e-6
18164,6.129610616485588e-6
18165,4.597207962364191e-6
18166,6.129610616485588e-6
18168,4.597207962364191e-6
18169,1.6856429195335365e-5
18170,1.93082734419296e-4
18171,3.064805308242794e-6
18172,3.064805308242794e-6
18173,1.6856429195335365e-5
18174,5.348085262883675e-4
18175,9.194415924728382e-6
18176,5.6698898202491684e-5
18177,6.129610616485588e-6
18178,1.6856429195335365e-5
18179,6.129610616485588e-6
18180,1.0726818578849778e-5
18181,1.532402654121397e-6
18182,3.984246900715632e-5
18183,2.7583247774185145e-5
18184,1.532402654121397e-6
18185,4.597207962364191e-6
18186,4.137487166127772e-5
18187,9.194415924728382e-6
18188,4.597207962364191e-6
18189,6.129610616485588e-5
18190,9.194415924728382e-6
18191,6.144934643026802e-4
18192,1.532402654121397e-5
18193,9.194415924728382e-6
18195,4.597207962364191e-6
18196,4.597207962364191e-6
18197,4.597207962364191e-6
18198,6.129610616485588e-6
18199,7.662013270606985e-6
18200,1.6856429195335365e-5
18201,1.532402654121397e-6
18202,7.662013270606985e-6
18203,8.274974332255543e-5
18204,1.1033299109674058e-4
18205,1.992123450357816e-5
18206,7.662013270606985e-6
18207,4.597207962364191e-6
18208,4.597207962364191e-6
18209,7.662013270606985e-6
18210,1.532402654121397e-5
18211,2.9115650428306543e-5
18212,6.129610616485588e-6
18213,9.194415924728382e-6
18214,2.2986039811820954e-5
18215,6.129610616485588e-6
18216,1.2259221232971176e-5
18217,2.7583247774185145e-5
18218,2.4518442465942352e-5
18219,8.734695128491963e-5
18220,1.2259221232971176e-4
18221,6.129610616485588e-6
18222,7.922521721807622e-4
18223,3.524526104479213e-5
18224,1.3791623887092572e-5
18225,7.662013270606985e-6
18226,9.347656190140522e-5
18227,1.6856429195335365e-5
18228,2.2986039811820954e-5
18229,7.662013270606984e-5
18230,2.3599000873469512e-4
18231,2.9115650428306543e-5
18233,1.532402654121397e-6
18234,4.597207962364191e-6
18235,1.3791623887092572e-5
18236,6.129610616485588e-6
18237,7.662013270606985e-6
18238,1.532402654121397e-6
18239,4.597207962364191e-6
18240,2.053419556522672e-4
18241,3.6777663698913526e-5
18242,2.7583247774185145e-5
18243,1.0726818578849778e-5
18244,1.8388831849456763e-5
18245,3.064805308242794e-6
18246,7.662013270606985e-6
18247,2.1453637157699556e-5
18248,1.532402654121397e-5
18249,1.532402654121397e-5
18250,9.194415924728382e-6
18251,1.532402654121397e-6
18252,7.662013270606984e-5
18253,4.597207962364191e-6
18254,2.2986039811820954e-5
18255,1.0726818578849778e-5
18256,7.662013270606985e-6
18257,9.194415924728382e-6
18258,1.4251344683328991e-4
18259,1.6703188929923226e-4
18260,6.129610616485588e-6
18261,1.8388831849456763e-5
18262,2.7583247774185145e-5
18263,1.532402654121397e-5
18264,1.3791623887092572e-5
18265,4.137487166127772e-5
18266,9.194415924728382e-6
18267,4.443967696952051e-5
18268,1.471106547956541e-4
18269,2.7583247774185145e-5
18270,2.6050845120063747e-5
18271,5.2101690240127493e-5
18272,1.8388831849456763e-5
18273,2.4518442465942353e-4
18274,6.129610616485588e-6
18275,4.597207962364191e-6
18276,1.6856429195335365e-5
18277,2.4518442465942352e-5
18278,7.049052208958426e-5
18279,1.2259221232971176e-5
18280,9.194415924728382e-6
18281,3.064805308242794e-6
18282,7.662013270606985e-6
18283,1.2259221232971176e-5
18284,1.532402654121397e-6
18285,4.597207962364191e-6
18286,2.4518442465942352e-5
18287,8.121734066843403e-5
18288,1.0726818578849778e-5
18289,7.662013270606985e-6
18290,1.6856429195335365e-5
18291,1.3791623887092572e-5
18292,6.129610616485588e-5
18293,4.597207962364191e-6
18294,3.371285839067073e-5
18295,1.0726818578849778e-5
18296,7.662013270606985e-6
18297,6.129610616485588e-5
18298,1.2259221232971176e-5
18299,1.2259221232971176e-5
18300,1.3791623887092572e-5
18301,7.662013270606985e-6
18302,1.0726818578849778e-5
18303,3.831006635303492e-5
18304,6.129610616485588e-6
18305,9.194415924728382e-6
18306,1.3791623887092572e-5
18307,1.8388831849456763e-5
18308,1.532402654121397e-5
18309,1.2259221232971176e-5
18310,3.064805308242794e-6
18311,4.290727431539911e-5
18313,4.597207962364191e-6
18314,3.524526104479213e-5
18315,1.0726818578849778e-5
18316,1.532402654121397e-6
18317,1.532402654121397e-6
18318,4.597207962364191e-6
18319,4.597207962364191e-6
18320,3.2180455736549336e-5
18321,3.064805308242794e-6
18322,1.0726818578849778e-5
18323,1.532402654121397e-6
18324,2.7583247774185145e-5
18325,5.2101690240127493e-5
18326,9.194415924728382e-6
18327,6.129610616485588e-6
18328,6.129610616485588e-6
18329,6.129610616485588e-6
18330,3.064805308242794e-6
18331,6.129610616485588e-6
18333,3.064805308242794e-6
18334,6.129610616485588e-5
18335,1.532402654121397e-5
18336,4.597207962364191e-6
18337,3.831006635303492e-5
18338,9.194415924728382e-6
18340,1.0726818578849778e-5
18341,1.2259221232971176e-5
18342,1.2259221232971176e-5
18343,1.2259221232971176e-5
18344,4.597207962364191e-6
18345,4.597207962364191e-6
18346,1.1799500436734756e-4
18347,3.064805308242794e-6
18348,1.532402654121397e-5
18349,7.662013270606985e-6
18350,3.064805308242794e-6
18352,3.064805308242794e-6
18353,3.064805308242794e-6
18354,1.0726818578849778e-5
18355,4.597207962364191e-6
18356,7.355532739782705e-5
18358,4.597207962364191e-6
18359,7.815253536019124e-5
18360,4.597207962364191e-6
18361,6.589331412722007e-5
18362,4.597207962364191e-6
18363,4.9036884931884704e-5
18364,1.532402654121397e-6
18365,6.129610616485588e-6
18366,4.597207962364191e-6
18367,7.662013270606985e-6
18368,6.129610616485588e-6
18369,2.7583247774185145e-5
18370,1.1952740702146896e-4
18371,4.290727431539911e-5
18372,1.8388831849456763e-5
18373,3.2180455736549336e-5
18374,1.0726818578849778e-5
18375,1.2259221232971176e-5
18376,6.129610616485588e-6
18377,7.662013270606985e-6
18378,3.064805308242794e-6
18379,1.0726818578849778e-5
18380,3.064805308242794e-6
18381,1.532402654121397e-6
18382,4.597207962364191e-6
18383,5.3634092894248895e-5
18384,1.532402654121397e-5
18385,9.041175659316241e-5
18386,0.004624791210138376
18387,3.064805308242794e-6
18388,3.064805308242794e-6
18389,6.436091147309867e-5
18390,4.597207962364191e-6
18391,3.064805308242794e-6
18392,1.0726818578849778e-5
18393,4.597207962364191e-6
18394,4.597207962364191e-6
18395,1.8388831849456763e-5
18396,1.0726818578849778e-5
18397,4.137487166127772e-5
18398,4.597207962364191e-6
18399,7.662013270606985e-6
18400,1.532402654121397e-6
18401,4.597207962364191e-6
18402,1.0726818578849778e-5
18403,4.597207962364191e-6
18404,9.194415924728382e-6
18405,3.064805308242794e-6
18406,1.2259221232971176e-5
18407,2.7583247774185145e-5
18408,6.129610616485588e-6
18409,7.662013270606985e-6
18410,2.2526319015584535e-4
18411,1.2259221232971176e-5
18412,4.597207962364191e-6
18413,6.129610616485588e-6
18415,6.129610616485588e-6
18417,6.129610616485588e-6
18418,1.532402654121397e-6
18419,2.4518442465942352e-5
18420,7.662013270606985e-6
18421,5.179520970930322e-4
18422,1.532402654121397e-6
18423,7.662013270606985e-6
18424,1.6549948664511087e-4
18425,4.597207962364191e-6
18426,1.2259221232971176e-5
18427,1.8388831849456763e-5
18428,6.129610616485588e-6
18429,9.194415924728382e-6
18430,1.0726818578849778e-5
18431,1.2259221232971176e-5
18432,4.597207962364191e-6
18433,6.129610616485588e-6
18434,6.129610616485588e-6
18435,4.597207962364191e-6
18436,3.984246900715632e-5
18437,9.194415924728382e-6
18438,3.064805308242794e-6
18439,2.405872166970593e-4
18440,4.443967696952051e-5
18441,1.992123450357816e-5
18442,7.662013270606985e-6
18443,2.6050845120063747e-5
18444,3.064805308242794e-6
18445,6.129610616485588e-6
18446,1.2259221232971176e-5
18447,7.662013270606985e-6
18448,9.194415924728382e-6
18449,9.194415924728382e-6
18450,6.129610616485588e-6
18451,6.129610616485588e-6
18452,1.532402654121397e-6
18453,4.597207962364191e-6
18454,9.194415924728382e-6
18455,7.662013270606985e-6
18456,4.597207962364191e-6
18457,2.2986039811820954e-5
18458,1.3791623887092572e-5
18459,1.1952740702146896e-4
18460,6.129610616485588e-6
18461,3.064805308242794e-6
18462,6.895811943546286e-5
18463,4.597207962364191e-6
18464,3.524526104479213e-5
18465,1.532402654121397e-5
18466,7.662013270606985e-6
18467,2.6050845120063747e-5
18468,1.2259221232971176e-5
18469,1.3791623887092572e-5
18470,1.6856429195335365e-5
18471,9.194415924728382e-6
18472,6.129610616485588e-6
18473,9.194415924728382e-6
18474,4.597207962364191e-6
18475,2.6050845120063747e-5
18477,8.121734066843403e-5
18478,2.7583247774185145e-5
18479,9.194415924728382e-6
18480,6.129610616485588e-6
18481,9.194415924728382e-6
18482,3.1720734940312917e-4
18483,8.167706146467046e-4
18484,9.194415924728382e-6
18485,1.6856429195335365e-5
18486,1.2259221232971176e-5
18487,7.662013270606985e-6
18488,7.662013270606985e-6
18489,4.919012519729684e-4
18490,4.597207962364191e-6
18491,7.355532739782705e-5
18492,9.194415924728382e-6
18493,3.064805308242794e-6
18494,3.064805308242794e-6
18495,4.2447553519162697e-4
18496,3.984246900715632e-5
18497,1.532402654121397e-6
18498,9.347656190140522e-5
18499,6.129610616485588e-6
18500,6.129610616485588e-6
18501,3.064805308242794e-6
18502,1.532402654121397e-6
18503,9.194415924728382e-6
18504,1.2259221232971176e-5
18506,4.597207962364191e-6
18507,7.662013270606985e-6
18508,7.662013270606985e-6
18509,9.194415924728382e-6
18510,1.532402654121397e-6
18512,1.532402654121397e-6
18513,1.532402654121397e-6
18514,1.6856429195335365e-5
18515,4.137487166127772e-5
18516,6.129610616485588e-6
18517,1.532402654121397e-6
18518,1.532402654121397e-6
18519,5.3634092894248895e-5
18520,4.597207962364191e-6
18521,1.9155033176517463e-4
18522,3.064805308242794e-6
18523,3.831006635303492e-5
18524,1.532402654121397e-5
18525,6.129610616485588e-6
18526,1.0726818578849778e-5
18527,4.75044822777633e-5
18528,5.3634092894248895e-5
18529,4.597207962364191e-6
18530,1.992123450357816e-5
18531,7.508773005194845e-5
18532,2.6050845120063747e-5
18533,1.992123450357816e-5
18534,1.0726818578849778e-5
18535,2.1453637157699556e-5
18536,4.597207962364191e-6
18537,3.064805308242794e-6
18538,9.194415924728382e-6
18539,3.831006635303492e-5
18540,1.532402654121397e-5
18541,3.064805308242794e-6
18543,3.6777663698913526e-5
18544,7.662013270606985e-6
18545,1.532402654121397e-5
18546,6.129610616485588e-6
18547,1.3331903090856153e-4
18548,9.194415924728382e-6
18549,3.064805308242794e-6
18550,1.532402654121397e-6
18551,1.2259221232971176e-5
18552,3.524526104479213e-5
18553,5.976370351073448e-5
18554,4.597207962364191e-6
18555,3.6777663698913526e-5
18557,1.6856429195335367e-4
18558,7.662013270606985e-6
18559,6.129610616485588e-6
18560,4.137487166127772e-5
18561,3.2180455736549336e-5
18562,1.532402654121397e-6
18563,1.532402654121397e-5
18564,2.5591124323827327e-4
18565,4.597207962364191e-6
18566,7.662013270606985e-6
18567,5.516649554837029e-5
18568,2.022771503440244e-4
18569,3.064805308242794e-6
18570,4.597207962364191e-6
18571,2.6050845120063747e-5
18572,1.532402654121397e-6
18573,7.662013270606985e-6
18574,3.064805308242794e-6
18575,4.597207962364191e-6
18576,1.532402654121397e-6
18577,3.064805308242794e-6
18578,3.064805308242794e-6
18579,4.597207962364191e-6
18580,4.597207962364191e-6
18581,3.064805308242794e-6
18582,1.3025422560031873e-4
18583,3.064805308242794e-6
18584,3.064805308242794e-6
18585,3.064805308242794e-6
18586,7.662013270606985e-6
18587,3.064805308242794e-6
18588,1.532402654121397e-6
18589,6.129610616485588e-6
18590,1.532402654121397e-6
18591,1.532402654121397e-6
18592,4.597207962364191e-6
18593,1.7316149991571786e-4
18594,6.129610616485588e-6
18595,9.347656190140522e-5
18596,1.1186539375086198e-4
18597,7.9684938014312645e-05
18598,9.194415924728382e-6
18599,1.1186539375086198e-4
18600,3.585822210644069e-4
18601,7.662013270606985e-6
18602,9.347656190140522e-5
18603,2.7583247774185145e-5
18604,6.129610616485588e-6
18605,3.371285839067073e-5
18606,3.064805308242794e-6
18607,1.7316149991571786e-4
18608,1.532402654121397e-6
18609,5.3634092894248895e-5
18610,6.282850881897727e-5
18611,4.9036884931884704e-5
18612,4.597207962364191e-6
18613,1.992123450357816e-5
18614,1.6856429195335365e-5
18615,4.597207962364191e-5
18616,3.064805308242794e-6
18617,1.8388831849456763e-5
18618,1.1493019905910477e-4
18619,6.129610616485588e-6
18620,6.129610616485588e-6
18621,7.662013270606985e-6
18622,4.597207962364191e-6
18623,7.662013270606985e-6
18624,1.2259221232971176e-5
18625,4.597207962364191e-5
18626,2.1453637157699556e-5
18627,3.6777663698913526e-5
18628,3.831006635303492e-5
18629,4.443967696952051e-5
18631,5.6698898202491684e-5
18633,6.129610616485588e-6
18634,4.597207962364191e-6
18635,6.129610616485588e-6
18636,1.0726818578849778e-5
18637,7.662013270606985e-6
18638,1.532402654121397e-5
18639,9.194415924728382e-6
18640,1.532402654121397e-5
18641,1.2259221232971176e-5
18642,4.597207962364191e-6
18643,2.1453637157699556e-5
18644,6.129610616485588e-6
18645,2.4518442465942352e-5
18646,7.662013270606985e-6
18647,2.1300396892287416e-4
18648,1.1646260171322617e-4
18650,1.532402654121397e-6
18651,1.3485143356268292e-4
18652,4.597207962364191e-6
18653,4.597207962364191e-5
18654,4.597207962364191e-6
18655,4.75044822777633e-5
18656,2.9115650428306543e-5
18658,9.194415924728382e-6
18659,1.3791623887092572e-5
18660,3.064805308242794e-6
18661,6.895811943546286e-5
18662,9.6541367209648e-5
18663,4.597207962364191e-6
18664,3.064805308242794e-6
18665,2.9115650428306543e-5
18666,9.194415924728382e-6
18667,9.041175659316241e-5
18668,7.662013270606985e-6
18669,1.4251344683328991e-4
18670,2.1300396892287416e-4
18671,7.662013270606985e-6
18672,1.471106547956541e-4
18673,9.96061725178908e-5
18674,6.129610616485588e-6
18675,4.597207962364191e-6
18676,6.129610616485588e-6
18677,3.064805308242794e-6
18678,7.662013270606985e-6
18679,4.597207962364191e-6
18680,6.129610616485588e-6
18681,7.355532739782705e-5
18682,6.129610616485588e-6
18683,1.8388831849456763e-5
18684,4.597207962364191e-6
18685,1.0726818578849778e-5
18686,6.129610616485588e-6
18687,1.3791623887092572e-5
18689,9.194415924728382e-6
18690,1.532402654121397e-5
18691,7.662013270606985e-6
18692,1.532402654121397e-6
18693,3.064805308242794e-6
18694,2.942213095913082e-4
18695,5.3634092894248895e-5
18696,6.129610616485588e-6
18697,1.992123450357816e-5
18698,1.3791623887092572e-5
18699,6.129610616485588e-6
18700,1.0726818578849778e-5
18701,1.3791623887092572e-5
18702,6.129610616485588e-6
18703,1.532402654121397e-6
18704,3.064805308242794e-6
18705,2.8042968570421564e-4
18706,4.597207962364191e-5
18707,6.129610616485588e-6
18708,4.597207962364191e-6
18709,9.194415924728382e-6
18710,1.3178662825444015e-4
18711,2.1453637157699556e-5
18712,4.597207962364191e-6
18713,3.064805308242794e-6
18714,4.290727431539911e-5
18715,3.064805308242794e-6
18716,2.7583247774185145e-5
18717,6.129610616485588e-6
18718,9.194415924728382e-6
18719,2.6050845120063747e-5
18720,6.129610616485588e-6
18721,1.0726818578849778e-5
18722,8.274974332255543e-5
18723,6.129610616485588e-6
18724,7.662013270606985e-6
18725,2.4518442465942352e-5
18726,7.355532739782705e-5
18727,7.662013270606985e-6
18728,6.129610616485588e-6
18729,6.129610616485588e-6
18730,4.7657722543175443e-4
18731,3.064805308242794e-6
18732,2.1453637157699558e-4
18733,1.532402654121397e-6
18734,6.129610616485588e-6
18736,1.532402654121397e-6
18737,2.2373078750172396e-4
18739,1.0726818578849779e-4
18740,4.597207962364191e-6
18741,4.597207962364191e-6
18742,1.8388831849456763e-5
18743,2.7430007508773003e-4
18744,9.194415924728382e-6
18745,9.194415924728382e-6
18746,1.6856429195335365e-5
18747,3.064805308242794e-6
18748,3.064805308242794e-6
18749,1.8388831849456763e-5
18750,1.532402654121397e-5
18751,9.194415924728382e-6
18752,3.064805308242794e-6
18753,1.8695312380281043e-4
18754,8.887935393904103e-5
18755,7.049052208958426e-5
18756,6.129610616485588e-6
18757,4.597207962364191e-6
18758,3.064805308242794e-6
18760,1.0726818578849778e-5
18761,5.6698898202491684e-5
18762,9.194415924728382e-6
18763,8.428214597667684e-5
18764,3.831006635303492e-5
18765,1.2259221232971176e-5
18766,3.2180455736549336e-5
18767,5.976370351073448e-5
18768,1.3791623887092572e-5
18769,6.129610616485588e-6
18770,6.129610616485588e-6
18771,1.532402654121397e-6
18772,8.428214597667684e-5
18773,5.3634092894248895e-5
18774,3.064805308242794e-5
18775,4.597207962364191e-6
18776,1.532402654121397e-6
18777,3.6777663698913526e-5
18778,1.8848552645693182e-4
18779,1.992123450357816e-5
18780,6.129610616485588e-6
18781,6.129610616485588e-6
18782,3.064805308242794e-6
18783,1.532402654121397e-6
18784,4.597207962364191e-6
18785,4.597207962364191e-6
18786,3.064805308242794e-6
18787,9.194415924728382e-6
18788,3.831006635303492e-5
18789,6.129610616485588e-6
18790,1.6856429195335365e-5
18791,4.597207962364191e-6
18792,4.75044822777633e-5
18793,3.984246900715632e-5
18794,7.662013270606985e-6
18795,1.2259221232971176e-5
18796,6.129610616485588e-6
18797,1.532402654121397e-5
18798,5.05692875860061e-5
18799,1.0726818578849778e-5
18800,6.282850881897727e-5
18801,2.7583247774185145e-5
18802,5.2101690240127493e-5
18803,9.194415924728382e-6
18804,1.0726818578849778e-5
18805,4.597207962364191e-6
18806,4.597207962364191e-6
18807,1.0726818578849778e-5
18809,3.064805308242794e-6
18810,4.597207962364191e-6
18811,2.4518442465942352e-5
18812,4.597207962364191e-6
18813,1.992123450357816e-5
18814,6.129610616485588e-6
18815,7.508773005194845e-5
18816,3.064805308242794e-6
18817,2.2986039811820954e-5
18818,4.597207962364191e-6
18819,1.532402654121397e-6
18820,2.2986039811820954e-5
18821,6.129610616485588e-6
18822,3.064805308242794e-6
18823,4.597207962364191e-5
18824,6.436091147309867e-5
18825,4.597207962364191e-6
18826,0.001189144459598204
18827,1.532402654121397e-6
18828,1.532402654121397e-6
18829,6.129610616485588e-6
18830,3.064805308242794e-6
18831,3.064805308242794e-6
18832,1.532402654121397e-5
18833,7.662013270606985e-6
18835,7.662013270606985e-6
18836,4.290727431539911e-5
18837,1.8388831849456763e-5
18838,6.129610616485588e-6
18839,4.597207962364191e-6
18840,3.2180455736549336e-5
18841,3.064805308242794e-6
18842,3.064805308242794e-6
18843,4.597207962364191e-6
18844,1.0726818578849778e-5
18845,2.1453637157699556e-5
18846,1.4557825214153272e-4
18847,1.532402654121397e-6
18848,0.0011784176410193543
18849,4.597207962364191e-6
18850,1.532402654121397e-6
18851,8.887935393904103e-5
18852,4.75044822777633e-5
18853,9.194415924728382e-6
18854,5.3634092894248895e-5
18855,5.6698898202491684e-5
18856,7.662013270606985e-6
18857,3.371285839067073e-5
18858,3.064805308242794e-6
18859,1.532402654121397e-6
18860,1.992123450357816e-5
18861,3.524526104479213e-5
18862,1.532402654121397e-5
18863,4.597207962364191e-6
18864,1.532402654121397e-6
18865,1.6856429195335365e-5
18866,3.064805308242794e-6
18867,3.064805308242794e-6
18868,4.597207962364191e-6
18869,3.984246900715632e-5
18870,7.662013270606985e-6
18871,1.532402654121397e-6
18872,1.532402654121397e-6
18873,1.2259221232971176e-5
18874,1.5324026541213968e-4
18875,3.371285839067073e-5
18876,9.194415924728382e-5
18877,5.516649554837029e-5
18878,9.194415924728382e-6
18879,4.597207962364191e-6
18880,1.532402654121397e-6
18881,2.1453637157699556e-5
18882,6.129610616485588e-6
18883,1.0726818578849778e-5
18884,4.597207962364191e-6
18885,2.7583247774185145e-5
18887,4.597207962364191e-6
18888,1.3791623887092572e-5
18889,1.2259221232971176e-5
18890,2.467168273135449e-4
18891,4.597207962364191e-6
18892,9.194415924728382e-6
18893,2.9115650428306543e-5
18894,1.3791623887092572e-5
18895,3.064805308242794e-6
18896,1.0726818578849778e-5
18897,1.2412461498383315e-4
18898,1.992123450357816e-5
18899,1.532402654121397e-6
18900,6.144934643026802e-4
18901,1.532402654121397e-6
18902,3.371285839067073e-5
18903,2.7583247774185145e-5
18904,1.532402654121397e-5
18906,4.597207962364191e-6
18907,4.597207962364191e-6
18908,0.0010175153623366076
18909,1.0726818578849778e-5
18910,3.064805308242794e-6
18911,4.597207962364191e-6
18912,7.662013270606985e-6
18913,1.2259221232971176e-5
18914,3.064805308242794e-6
18915,7.662013270606985e-6
18916,4.597207962364191e-6
18917,2.4518442465942352e-5
18918,1.8388831849456763e-5
18919,2.6050845120063747e-5
18920,1.532402654121397e-5
18921,4.9036884931884704e-5
18922,1.0726818578849778e-5
18923,3.064805308242794e-6
18924,7.662013270606985e-6
18925,8.734695128491963e-5
18926,4.597207962364191e-6
18927,1.532402654121397e-6
18928,6.129610616485588e-6
18929,4.597207962364191e-6
18930,3.6777663698913526e-5
18931,1.532402654121397e-6
18932,1.532402654121397e-6
18933,1.992123450357816e-5
18934,1.6549948664511087e-4
18935,3.064805308242794e-6
18936,6.129610616485588e-6
18937,1.2259221232971176e-5
18938,2.6050845120063747e-5
18939,1.532402654121397e-5
18940,0.00601161561211824
18941,9.194415924728382e-6
18942,1.532402654121397e-5
18943,3.064805308242794e-6
18944,9.194415924728382e-6
18945,4.597207962364191e-6
18946,7.662013270606985e-6
18947,9.194415924728382e-6
18948,1.3791623887092572e-5
18949,4.597207962364191e-6
18950,0.0010742142605390992
18951,1.532402654121397e-5
18952,6.129610616485588e-6
18953,4.597207962364191e-6
18954,4.597207962364191e-6
18955,1.532402654121397e-6
18956,4.137487166127772e-5
18957,9.194415924728382e-6
18958,1.0726818578849778e-5
18959,3.2180455736549336e-5
18960,1.532402654121397e-6
18961,1.532402654121397e-6
18962,1.992123450357816e-5
18963,1.532402654121397e-6
18964,1.532402654121397e-6
18965,7.662013270606985e-6
18966,1.532402654121397e-6
18967,1.1646260171322617e-4
18968,8.581454863079822e-5
18969,6.129610616485588e-6
18970,2.7583247774185145e-5
18971,6.742571678134147e-4
18972,7.662013270606985e-6
18974,4.597207962364191e-6
18975,1.1493019905910477e-4
18976,3.064805308242794e-6
18977,1.532402654121397e-6
18978,6.129610616485588e-6
18979,4.597207962364191e-6
18980,3.831006635303492e-5
18981,1.8388831849456763e-5
18982,4.597207962364191e-6
18983,3.064805308242794e-6
18984,4.7810962808587584e-4
18985,1.8388831849456763e-5
18986,9.194415924728382e-6
18987,1.0726818578849778e-5
18988,4.597207962364191e-6
18989,3.064805308242794e-6
18990,3.064805308242794e-6
18991,3.064805308242794e-6
18992,1.3025422560031873e-4
18993,2.4518442465942352e-5
18994,4.597207962364191e-6
18995,9.807376986376941e-5
18996,6.436091147309867e-5
18997,1.0726818578849778e-5
18998,7.662013270606985e-6
18999,4.597207962364191e-6
19000,2.9115650428306543e-5
19001,4.597207962364191e-6
19002,4.443967696952051e-5
19003,1.532402654121397e-6
19004,4.597207962364191e-6
19005,7.355532739782705e-5
19006,1.532402654121397e-5
19008,3.371285839067073e-5
19009,4.597207962364191e-6
19010,1.8388831849456763e-5
19011,1.532402654121397e-5
19013,7.662013270606985e-6
19014,2.3139280077233093e-4
19015,4.597207962364191e-6
19016,4.597207962364191e-5
19017,1.0726818578849778e-5
19018,1.2259221232971176e-5
19019,0.0011508343932451692
19020,1.532402654121397e-6
19021,2.2986039811820954e-5
19022,6.129610616485588e-6
19023,1.2259221232971176e-5
19024,6.129610616485588e-6
19025,1.1646260171322617e-4
19026,7.662013270606985e-6
19027,2.4518442465942352e-5
19028,6.129610616485588e-6
19029,3.371285839067073e-5
19030,4.597207962364191e-6
19031,1.0726818578849778e-5
19032,9.194415924728382e-6
19033,1.532402654121397e-6
19034,4.597207962364191e-6
19035,6.895811943546286e-4
19036,3.064805308242794e-6
19037,4.597207962364191e-6
19038,6.129610616485588e-5
19039,1.4557825214153272e-4
19040,1.0726818578849778e-5
19041,1.3791623887092572e-5
19042,3.064805308242794e-6
19043,7.662013270606985e-6
19044,4.888364466647256e-4
19045,1.3791623887092572e-5
19046,1.0726818578849778e-5
19047,1.532402654121397e-6
19048,2.6050845120063747e-5
19049,1.6856429195335365e-5
19050,5.3634092894248895e-5
19051,1.0726818578849778e-5
19052,2.6050845120063747e-5
19053,3.6777663698913526e-5
19056,9.96061725178908e-5
19058,3.831006635303492e-5
19059,4.597207962364191e-6
19060,3.064805308242794e-5
19061,1.532402654121397e-6
19062,6.129610616485588e-6
19063,3.371285839067073e-5
19064,7.662013270606985e-6
19065,6.711923625051719e-4
19066,3.340637785984645e-4
19067,7.662013270606985e-6
19068,1.6396708399098948e-4
19070,1.992123450357816e-5
19071,9.194415924728382e-6
19072,7.662013270606985e-6
19073,2.4518442465942352e-5
19074,3.064805308242794e-6
19075,1.532402654121397e-6
19076,6.129610616485588e-6
19077,4.597207962364191e-6
19078,6.129610616485588e-6
19080,6.129610616485588e-6
19081,3.2180455736549336e-5
19082,2.9115650428306543e-5
19083,1.8388831849456763e-5
19084,9.194415924728382e-6
19085,4.597207962364191e-6
19086,3.064805308242794e-6
19087,4.597207962364191e-6
19088,3.064805308242794e-6
19089,3.064805308242794e-6
19090,3.064805308242794e-6
19091,7.662013270606985e-6
19092,1.0726818578849778e-5
19093,3.1107773878664356e-4
19094,6.129610616485588e-6
19095,4.597207962364191e-6
19096,1.9155033176517463e-4
19097,4.597207962364191e-6
19098,9.194415924728382e-6
19099,8.581454863079822e-5
19100,3.064805308242794e-6
19101,3.1720734940312917e-4
19102,5.6698898202491684e-5
19103,4.597207962364191e-6
19104,4.443967696952051e-5
19105,1.5324026541213968e-4
19106,6.129610616485588e-6
19107,2.6970286712536584e-4
19108,4.597207962364191e-6
19109,3.064805308242794e-6
19110,1.2259221232971176e-5
19111,3.524526104479213e-5
19112,1.93082734419296e-4
19113,6.129610616485588e-6
19114,1.7775870787808205e-4
19115,2.2219838484760255e-4
19116,1.0726818578849778e-5
19117,7.662013270606985e-6
19118,1.0420338048025499e-4
19119,1.2259221232971176e-5
19120,9.194415924728382e-6
19121,1.8388831849456763e-5
19122,1.6856429195335365e-5
19123,2.405872166970593e-4
19124,2.6050845120063747e-5
19125,7.662013270606985e-6
19126,6.206230749191658e-4
19127,1.532402654121397e-6
19128,1.532402654121397e-6
19129,2.9115650428306543e-5
19130,1.0726818578849778e-5
19131,4.597207962364191e-6
19132,7.355532739782705e-5
19133,3.984246900715632e-5
19134,1.8388831849456763e-5
19135,1.2259221232971176e-5
19136,5.6698898202491684e-5
19137,1.532402654121397e-6
19138,3.524526104479213e-5
19139,3.524526104479213e-5
19140,1.0726818578849778e-5
19141,2.7583247774185145e-5
19142,1.532402654121397e-5
19143,7.662013270606985e-6
19144,1.8388831849456763e-5
19145,2.7736488039597286e-4
19146,1.2259221232971176e-5
19147,1.8388831849456763e-5
19148,4.597207962364191e-6
19149,7.049052208958426e-5
19150,8.734695128491963e-5
19151,1.0726818578849778e-5
19152,6.129610616485588e-6
19153,1.8388831849456763e-5
19154,1.2105980967559036e-4
19155,3.064805308242794e-6
19156,1.8388831849456763e-5
19157,9.194415924728382e-6
19158,1.8388831849456763e-5
19159,4.597207962364191e-6
19160,1.532402654121397e-6
19161,1.8388831849456763e-5
19162,3.371285839067073e-5
19163,4.75044822777633e-5
19164,2.6050845120063747e-5
19165,1.1493019905910477e-4
19166,4.597207962364191e-6
19167,7.662013270606985e-6
19168,1.8388831849456763e-5
19169,8.979879553151386e-4
19170,4.1681352192101995e-4
19171,3.064805308242794e-6
19172,3.064805308242794e-6
19173,7.662013270606985e-6
19174,1.3791623887092572e-5
19175,1.992123450357816e-5
19176,1.532402654121397e-6
19177,6.436091147309867e-5
19178,2.2986039811820954e-5
19179,4.597207962364191e-6
19181,7.202292474370565e-5
19182,0.0022955391758738525
19183,4.137487166127772e-5
19184,7.662013270606985e-6
19185,3.064805308242794e-6
19186,1.6856429195335365e-5
19187,3.831006635303492e-5
19188,2.620408538547589e-4
19189,4.597207962364191e-6
19190,3.064805308242794e-6
19191,9.240388004352024e-4
19192,6.129610616485588e-6
19193,6.895811943546286e-4
19194,1.532402654121397e-6
19195,1.0726818578849778e-5
19196,3.064805308242794e-6
19197,5.378733315966103e-4
19198,2.2986039811820954e-5
19199,9.194415924728382e-6
19200,2.9115650428306543e-5
19201,3.524526104479213e-5
19202,2.7583247774185145e-5
19203,4.597207962364191e-6
19204,4.1681352192101995e-4
19205,4.1681352192101995e-4
19206,2.0380955299814578e-4
19207,3.064805308242794e-6
19208,4.443967696952051e-5
19209,3.524526104479213e-5
19210,1.992123450357816e-5
19211,3.064805308242794e-6
19212,3.064805308242794e-6
19213,4.597207962364191e-6
19214,1.0726818578849778e-5
19215,3.064805308242794e-6
19216,8.428214597667684e-5
19217,3.064805308242794e-5
19218,1.0726818578849778e-5
19219,1.3791623887092572e-5
19220,3.064805308242794e-6
19221,3.064805308242794e-6
19222,4.597207962364191e-6
19223,1.532402654121397e-6
19224,9.194415924728382e-5
19225,1.532402654121397e-6
19226,3.064805308242794e-6
19227,4.597207962364191e-6
19228,9.194415924728382e-6
19229,2.6050845120063747e-5
19230,3.064805308242794e-6
19231,4.597207962364191e-6
19232,1.532402654121397e-6
19233,7.907197695266408e-4
19234,9.041175659316241e-5
19235,3.064805308242794e-6
19236,1.0726818578849778e-5
19237,4.597207962364191e-6
19238,9.194415924728382e-6
19239,3.064805308242794e-6
19240,2.6050845120063747e-5
19241,3.831006635303492e-5
19242,4.597207962364191e-6
19243,1.0726818578849778e-5
19244,6.129610616485588e-6
19245,5.516649554837029e-5
19246,1.532402654121397e-6
19247,6.129610616485588e-6
19249,3.524526104479213e-5
19250,4.597207962364191e-6
19251,4.597207962364191e-6
19252,0.0014925601851142405
19253,4.75044822777633e-5
19254,4.597207962364191e-6
19255,2.4518442465942352e-5
19256,1.532402654121397e-5
19257,7.662013270606985e-6
19258,2.0687435830638859e-4
19259,7.355532739782705e-5
19260,1.3791623887092572e-5
19261,4.9036884931884704e-5
19262,3.7237384495149945e-4
19263,3.064805308242794e-6
19264,2.7583247774185145e-5
19265,6.129610616485588e-6
19266,4.597207962364191e-6
19267,4.597207962364191e-6
19268,4.597207962364191e-6
19269,6.129610616485588e-6
19270,1.532402654121397e-5
19271,4.597207962364191e-6
19272,3.064805308242794e-6
19273,1.0726818578849778e-5
19274,6.129610616485588e-6
19275,2.6050845120063747e-5
19276,3.064805308242794e-6
19277,3.064805308242794e-6
19278,4.597207962364191e-6
19279,3.064805308242794e-6
19280,1.1339779640498337e-4
19281,6.895811943546286e-5
19282,3.831006635303492e-5
19283,1.1339779640498337e-4
19284,2.6050845120063747e-5
19285,6.129610616485588e-6
19286,1.532402654121397e-5
19287,1.2105980967559036e-4
19288,1.0726818578849779e-4
19289,1.532402654121397e-5
19290,6.129610616485588e-6
19291,6.129610616485588e-6
19292,1.532402654121397e-6
19293,1.0726818578849778e-5
19294,2.2986039811820954e-5
19295,1.2259221232971176e-5
19296,1.0726818578849778e-5
19297,1.2259221232971176e-5
19298,7.662013270606985e-6
19299,1.532402654121397e-6
19300,1.532402654121397e-6
19302,6.129610616485588e-6
19303,4.597207962364191e-6
19304,6.129610616485588e-6
19305,5.2101690240127493e-5
19306,7.815253536019124e-5
19307,1.532402654121397e-5
19308,9.194415924728382e-6
19309,2.6050845120063747e-5
19310,1.6856429195335365e-5
19311,3.064805308242794e-6
19312,7.662013270606985e-6
19313,3.524526104479213e-5
19314,1.6856429195335365e-5
19315,2.7583247774185145e-5
19316,1.3791623887092572e-5
19317,3.524526104479213e-5
19318,3.2180455736549336e-5
19319,7.662013270606985e-6
19320,2.4518442465942352e-5
19321,1.992123450357816e-5
19322,4.597207962364191e-6
19323,7.662013270606985e-6
19324,3.064805308242794e-6
19325,1.992123450357816e-5
19326,4.597207962364191e-6
19327,3.064805308242794e-6
19328,4.597207962364191e-6
19329,9.194415924728382e-6
19330,6.512711280015937e-4
19331,7.9684938014312645e-05
19332,2.1453637157699556e-5
19333,1.532402654121397e-6
19334,1.532402654121397e-6
19335,4.597207962364191e-6
19336,1.2259221232971176e-5
19337,1.486430574497755e-4
19338,9.194415924728382e-6
19339,1.532402654121397e-6
19340,3.064805308242794e-5
19341,9.194415924728382e-6
19342,4.597207962364191e-6
19343,3.2180455736549336e-5
19344,1.532402654121397e-6
19345,2.2986039811820954e-5
19346,1.2259221232971176e-5
19347,4.597207962364191e-6
19348,3.064805308242794e-6
19349,7.662013270606985e-6
19350,7.662013270606985e-6
19351,3.064805308242794e-6
19352,6.129610616485588e-6
19353,1.0726818578849778e-5
19354,2.1300396892287416e-4
19355,3.064805308242794e-6
19356,1.8388831849456763e-5
19357,9.194415924728382e-6
19358,4.597207962364191e-6
19359,6.129610616485588e-6
19360,4.597207962364191e-6
19361,6.129610616485588e-6
19362,1.3791623887092572e-5
19363,1.532402654121397e-6
19364,4.597207962364191e-6
19365,1.0726818578849778e-5
19366,1.532402654121397e-6
19367,1.1493019905910477e-4
19368,1.532402654121397e-6
19369,5.976370351073448e-5
19370,2.6663806181712307e-4
19371,9.194415924728382e-6
19372,4.597207962364191e-6
19373,3.984246900715632e-5
19374,3.064805308242794e-6
19375,1.532402654121397e-6
19376,1.532402654121397e-6
19377,3.064805308242794e-6
19378,1.3638383621680434e-4
19379,3.6777663698913526e-5
19380,7.662013270606985e-6
19381,4.597207962364191e-6
19382,3.064805308242794e-5
19383,3.064805308242794e-6
19384,5.8231300856613086e-5
19385,4.597207962364191e-6
19386,4.597207962364191e-6
19387,3.064805308242794e-6
19388,1.532402654121397e-6
19389,3.064805308242794e-6
19390,4.597207962364191e-6
19391,1.532402654121397e-6
19392,6.129610616485588e-6
19393,9.194415924728382e-6
19394,5.378733315966103e-4
19395,2.1453637157699556e-5
19396,6.129610616485588e-6
19397,6.129610616485588e-6
19398,4.597207962364191e-6
19399,6.129610616485588e-6
19400,1.992123450357816e-5
19401,4.597207962364191e-6
19402,3.064805308242794e-6
19403,2.1913357953935977e-4
19404,6.129610616485588e-6
19405,1.2259221232971176e-5
19406,7.662013270606985e-6
19407,7.662013270606985e-6
19408,6.129610616485588e-6
19409,3.524526104479213e-5
19410,6.129610616485588e-6
19411,1.532402654121397e-5
19412,1.532402654121397e-6
19413,1.0726818578849778e-5
19414,1.532402654121397e-5
19415,4.75044822777633e-5
19416,4.597207962364191e-6
19418,1.3791623887092572e-5
19419,7.662013270606985e-6
19420,8.734695128491963e-5
19421,3.524526104479213e-5
19422,1.2259221232971176e-5
19423,7.662013270606985e-6
19424,9.194415924728382e-6
19425,1.8388831849456763e-5
19426,2.6050845120063747e-5
19427,9.194415924728382e-6
19428,4.597207962364191e-6
19429,7.662013270606985e-6
19431,6.129610616485588e-6
19432,3.064805308242794e-6
19433,1.532402654121397e-6
19434,7.662013270606985e-6
19436,4.597207962364191e-6
19437,9.194415924728382e-6
19438,2.7583247774185145e-5
19439,4.597207962364191e-6
19440,1.992123450357816e-5
19441,4.443967696952051e-5
19442,2.4518442465942352e-5
19443,1.7775870787808205e-4
19444,3.064805308242794e-6
19445,1.532402654121397e-6
19446,1.3791623887092572e-5
19447,6.129610616485588e-6
19448,1.532402654121397e-5
19449,1.6856429195335365e-5
19450,1.2259221232971176e-5
19451,3.064805308242794e-5
19452,2.4518442465942352e-5
19453,7.662013270606985e-6
19454,1.8388831849456763e-5
19455,6.129610616485588e-6
19456,4.597207962364191e-6
19457,1.2259221232971176e-5
19458,1.2259221232971176e-5
19459,7.662013270606985e-6
19460,1.532402654121397e-6
19461,0.0017591982469313636
19462,0.0018235591584044623
19463,0.00015783747337450388
19464,7.662013270606985e-6
19465,1.6856429195335365e-5
19467,7.662013270606985e-6
19468,1.532402654121397e-6
19469,5.94572229799102e-4
19470,6.129610616485588e-6
19471,1.3485143356268292e-4
19472,1.1339779640498337e-4
19473,7.355532739782705e-5
19474,1.992123450357816e-5
19475,4.597207962364191e-6
19476,1.2259221232971176e-5
19477,4.597207962364191e-6
19478,9.194415924728382e-6
19479,2.4518442465942352e-5
19480,4.290727431539911e-5
19481,1.0726818578849778e-5
19482,7.662013270606985e-6
19483,3.064805308242794e-6
19484,1.0726818578849778e-5
19485,4.137487166127772e-5
19486,2.8655929632070124e-4
19487,3.064805308242794e-6
19488,4.290727431539911e-5
19489,1.532402654121397e-6
19490,1.6856429195335365e-5
19491,6.129610616485588e-6
19492,4.597207962364191e-6
19493,2.1453637157699556e-5
19494,1.6856429195335365e-5
19498,1.532402654121397e-5
19499,1.532402654121397e-6
19500,6.129610616485588e-6
19501,6.129610616485588e-6
19502,9.6541367209648e-5
19503,1.532402654121397e-5
19504,1.0726818578849778e-5
19505,6.129610616485588e-6
19506,1.532402654121397e-5
19507,0.0010788114685014634
19508,1.3791623887092572e-5
19509,6.589331412722007e-5
19510,3.064805308242794e-6
19511,3.064805308242794e-6
19512,1.0726818578849778e-5
19513,6.436091147309867e-5
19514,2.4518442465942352e-5
19515,3.524526104479213e-5
19516,5.3634092894248895e-5
19517,6.129610616485588e-6
19518,6.129610616485588e-6
19519,2.1453637157699556e-5
19520,1.3791623887092572e-5
19521,1.532402654121397e-6
19522,3.064805308242794e-6
19523,4.597207962364191e-6
19524,1.8388831849456763e-5
19525,6.129610616485588e-6
19526,1.532402654121397e-6
19527,1.9614753972753882e-4
19528,1.3791623887092572e-5
19529,4.597207962364191e-6
19530,3.064805308242794e-6
19531,6.129610616485588e-6
19532,3.064805308242794e-6
19533,7.662013270606985e-6
19534,2.1453637157699556e-5
19535,3.064805308242794e-6
19536,3.064805308242794e-5
19537,1.3791623887092572e-5
19538,1.532402654121397e-6
19539,1.992123450357816e-5
19540,1.0726818578849778e-5
19541,1.0726818578849778e-5
19542,7.662013270606985e-6
19543,1.2259221232971176e-5
19544,1.8388831849456763e-5
19545,1.6856429195335365e-5
19546,4.597207962364191e-6
19548,1.532402654121397e-5
19549,3.2180455736549336e-5
19550,2.2986039811820954e-5
19551,7.355532739782705e-5
19552,3.064805308242794e-6
19553,1.2259221232971176e-5
19554,3.064805308242794e-6
19555,4.597207962364191e-6
19558,6.129610616485588e-6
19559,7.662013270606985e-6
19560,4.597207962364191e-6
19562,6.129610616485588e-6
19563,1.2259221232971176e-5
19564,1.532402654121397e-6
19565,1.532402654121397e-6
19566,6.129610616485588e-6
19567,1.532402654121397e-6
19568,4.597207962364191e-6
19569,9.194415924728382e-6
19571,3.064805308242794e-5
19572,2.4518442465942352e-5
19573,1.976799423816602e-4
19574,5.6698898202491684e-5
19575,3.064805308242794e-6
19576,1.532402654121397e-6
19577,6.129610616485588e-6
19578,3.2180455736549336e-5
19579,1.0726818578849778e-5
19581,3.064805308242794e-6
19582,4.597207962364191e-6
19583,6.129610616485588e-6
19584,1.8388831849456763e-5
19585,7.401504819406347e-4
19586,2.2986039811820954e-5
19587,1.6856429195335365e-5
19588,1.593698760286253e-4
19589,2.2986039811820954e-5
19590,4.597207962364191e-6
19591,3.2180455736549336e-5
19592,1.0726818578849778e-5
19593,6.129610616485588e-6
19594,1.3791623887092572e-5
19595,9.194415924728382e-6
19596,1.8388831849456763e-5
19597,1.532402654121397e-5
19598,4.597207962364191e-6
19599,6.129610616485588e-6
19600,1.0726818578849778e-5
19601,6.129610616485588e-6
19602,4.597207962364191e-6
19603,6.129610616485588e-6
19604,6.129610616485588e-6
19605,7.662013270606985e-6
19606,1.2259221232971176e-5
19607,4.9036884931884704e-5
19608,2.6050845120063747e-5
19609,4.597207962364191e-6
19610,3.064805308242794e-6
19611,4.290727431539911e-5
19612,1.0726818578849778e-5
19613,3.831006635303492e-5
19614,7.662013270606985e-6
19615,3.831006635303492e-5
19616,4.597207962364191e-6
19617,7.662013270606985e-6
19619,1.0726818578849778e-5
19620,2.4518442465942352e-5
19621,4.597207962364191e-6
19622,1.0726818578849778e-5
19623,4.597207962364191e-6
19624,1.6856429195335365e-5
19625,6.129610616485588e-6
19626,1.532402654121397e-6
19627,1.532402654121397e-5
19628,4.597207962364191e-6
19629,1.532402654121397e-6
19630,9.715432827129656e-4
19631,3.064805308242794e-6
19632,6.129610616485588e-6
19633,1.6856429195335365e-5
19635,7.662013270606985e-6
19636,2.9115650428306543e-5
19637,1.532402654121397e-6
19638,1.2259221232971176e-5
19639,9.194415924728382e-6
19640,4.597207962364191e-5
19641,3.064805308242794e-6
19642,1.532402654121397e-6
19643,6.282850881897727e-5
19644,4.597207962364191e-6
19645,7.662013270606985e-6
19646,1.3638383621680434e-4
19647,7.662013270606985e-6
19648,4.75044822777633e-5
19649,3.064805308242794e-5
19650,2.099391636146314e-4
19651,7.662013270606985e-6
19652,1.1339779640498337e-4
19653,4.597207962364191e-6
19655,4.597207962364191e-6
19656,7.202292474370565e-5
19657,7.662013270606985e-6
19658,2.4518442465942352e-5
19659,3.064805308242794e-6
19660,1.0726818578849778e-5
19661,1.3791623887092572e-4
19662,8.336270438420399e-4
19663,1.0726818578849778e-5
19664,4.597207962364191e-6
19665,4.597207962364191e-5
19666,9.194415924728382e-6
19667,4.597207962364191e-6
19668,9.194415924728382e-6
19669,1.532402654121397e-6
19670,4.597207962364191e-5
19671,4.75044822777633e-5
19672,1.532402654121397e-6
19673,4.597207962364191e-6
19674,1.0726818578849778e-5
19675,2.1453637157699556e-5
19676,6.129610616485588e-6
19677,3.371285839067073e-5
19678,1.532402654121397e-5
19679,3.064805308242794e-6
19680,6.129610616485588e-6
19681,4.597207962364191e-6
19682,7.662013270606985e-6
19683,3.371285839067073e-5
19684,1.532402654121397e-6
19685,3.064805308242794e-6
19686,1.0726818578849778e-5
19687,1.0726818578849778e-5
19688,3.064805308242794e-6
19689,5.2101690240127493e-5
19690,1.2259221232971176e-5
19691,9.194415924728382e-6
19692,2.1453637157699556e-5
19693,4.597207962364191e-6
19694,4.597207962364191e-6
19695,3.064805308242794e-6
19696,1.532402654121397e-6
19697,7.662013270606985e-6
19698,4.597207962364191e-6
19699,9.194415924728382e-6
19700,2.7583247774185145e-5
19701,3.064805308242794e-6
19702,1.3791623887092572e-5
19703,1.532402654121397e-5
19704,1.8388831849456763e-5
19705,3.064805308242794e-6
19706,4.597207962364191e-6
19707,1.532402654121397e-6
19708,1.532402654121397e-6
19709,4.9036884931884704e-5
19710,4.597207962364191e-6
19711,6.129610616485588e-6
19712,1.532402654121397e-6
19713,7.662013270606985e-6
19714,1.532402654121397e-6
19715,4.597207962364191e-6
19716,3.064805308242794e-6
19718,1.0726818578849778e-5
19719,6.129610616485588e-6
19720,1.6856429195335365e-5
19721,1.7775870787808205e-4
19722,1.0726818578849778e-5
19723,6.129610616485588e-6
19724,3.064805308242794e-6
19725,6.436091147309867e-5
19727,1.532402654121397e-5
19728,1.2259221232971176e-5
19729,9.194415924728382e-6
19730,1.532402654121397e-6
19731,2.1453637157699556e-5
19732,2.2986039811820954e-5
19733,5.8231300856613086e-5
19734,9.194415924728382e-6
19735,5.8231300856613086e-5
19736,1.0726818578849778e-5
19737,6.129610616485588e-6
19738,3.064805308242794e-6
19739,3.2180455736549336e-5
19740,4.597207962364191e-6
19741,1.532402654121397e-6
19742,1.532402654121397e-6
19744,1.0726818578849778e-5
19745,1.0726818578849778e-5
19746,7.662013270606985e-6
19747,1.532402654121397e-6
19748,9.194415924728382e-6
19749,4.597207962364191e-6
19750,1.1186539375086198e-4
19751,1.7622630522396064e-4
19752,6.129610616485588e-5
19753,3.3559618125258593e-4
19754,1.2259221232971176e-5
19755,4.597207962364191e-6
19756,2.2986039811820954e-5
19757,5.3634092894248895e-5
19758,1.8388831849456763e-5
19759,1.3791623887092572e-5
19760,9.194415924728382e-6
19761,3.064805308242794e-6
19762,7.662013270606985e-6
19763,4.597207962364191e-6
19764,3.064805308242794e-6
19765,4.443967696952051e-5
19766,4.597207962364191e-6
19767,1.8388831849456763e-5
19768,4.597207962364191e-6
19769,3.6777663698913526e-5
19770,3.064805308242794e-6
19771,4.597207962364191e-6
19772,4.597207962364191e-6
19773,7.355532739782705e-5
19774,3.064805308242794e-6
19775,3.064805308242794e-6
19776,9.807376986376941e-5
19777,1.0726818578849778e-5
19778,5.976370351073448e-5
19779,1.532402654121397e-6
19780,9.194415924728382e-6
19781,6.129610616485588e-6
19783,1.532402654121397e-6
19784,3.371285839067073e-5
19785,1.0726818578849778e-5
19786,3.6777663698913526e-5
19787,6.129610616485588e-6
19788,6.129610616485588e-6
19789,3.064805308242794e-6
19790,7.662013270606985e-6
19791,2.4518442465942352e-5
19792,3.064805308242794e-6
19793,1.3791623887092572e-5
19794,1.1646260171322617e-4
19795,3.064805308242794e-6
19796,7.662013270606985e-6
19797,1.992123450357816e-5
19798,1.2259221232971176e-5
19799,6.589331412722007e-5
19800,2.9115650428306543e-5
19801,4.597207962364191e-6
19802,1.3791623887092572e-5
19803,3.064805308242794e-6
19804,1.6856429195335365e-5
19805,1.0726818578849778e-5
19806,3.064805308242794e-6
19807,1.2105980967559036e-4
19808,1.2259221232971176e-5
19809,7.202292474370565e-5
19810,2.1453637157699556e-5
19811,2.1453637157699556e-5
19812,8.581454863079822e-5
19813,6.206230749191658e-4
19814,1.992123450357816e-5
19815,4.597207962364191e-6
19816,1.7775870787808205e-4
19817,5.976370351073448e-5
19818,2.988185175536724e-4
19819,4.137487166127772e-5
19820,5.516649554837029e-5
19821,4.597207962364191e-5
19823,1.0726818578849778e-5
19824,6.129610616485588e-6
19825,1.0726818578849778e-5
19826,6.129610616485588e-6
19827,3.064805308242794e-6
19828,6.129610616485588e-6
19829,3.371285839067073e-5
19830,3.064805308242794e-5
19831,3.064805308242794e-6
19832,2.9115650428306543e-5
19833,6.895811943546286e-5
19834,2.1453637157699556e-5
19835,1.1493019905910477e-4
19836,9.194415924728382e-6
19837,3.064805308242794e-6
19838,3.064805308242794e-6
19839,8.274974332255543e-5
19841,1.6856429195335365e-5
19842,2.6050845120063747e-5
19844,1.3791623887092572e-5
19846,4.597207962364191e-6
19847,2.9115650428306543e-5
19848,1.0726818578849778e-5
19849,7.662013270606985e-6
19850,1.532402654121397e-6
19851,1.6856429195335365e-5
19852,3.064805308242794e-6
19853,4.597207962364191e-6
19854,3.064805308242794e-6
19855,9.194415924728382e-6
19856,1.532402654121397e-6
19857,2.9115650428306543e-5
19858,2.6050845120063747e-5
19859,1.3791623887092572e-5
19860,3.064805308242794e-6
19861,6.895811943546286e-5
19862,1.0726818578849778e-5
19863,1.532402654121397e-6
19864,6.129610616485588e-6
19865,6.129610616485588e-6
19866,9.194415924728382e-6
19867,2.7583247774185145e-5
19868,1.532402654121397e-6
19869,1.6856429195335365e-5
19870,1.532402654121397e-6
19871,7.662013270606985e-6
19872,9.194415924728382e-6
19873,5.516649554837029e-5
19874,1.6856429195335365e-5
19875,7.662013270606985e-6
19876,7.9684938014312645e-05
19877,1.2259221232971176e-5
19878,2.2986039811820954e-5
19879,1.992123450357816e-5
19880,9.6541367209648e-5
19881,6.129610616485588e-6
19882,1.532402654121397e-6
19883,3.064805308242794e-6
19884,7.662013270606985e-6
19885,7.662013270606985e-6
19886,6.129610616485588e-6
19887,8.734695128491963e-5
19888,3.524526104479213e-5
19889,1.992123450357816e-5
19890,3.064805308242794e-6
19892,1.532402654121397e-5
19894,3.984246900715632e-5
19895,7.662013270606985e-6
19897,1.532402654121397e-6
19898,1.532402654121397e-5
19899,1.6090227868274668e-4
19900,1.3791623887092572e-5
19901,4.597207962364191e-6
19902,1.2259221232971176e-5
19903,1.3791623887092572e-5
19904,3.064805308242794e-6
19905,9.194415924728382e-6
19906,2.9115650428306543e-5
19907,9.194415924728382e-6
19908,3.064805308242794e-5
19909,6.129610616485588e-6
19910,6.129610616485588e-6
19911,2.4518442465942352e-5
19912,1.3791623887092572e-5
19913,4.597207962364191e-6
19914,9.194415924728382e-6
19915,1.0726818578849778e-5
19916,1.0726818578849778e-5
19917,1.2259221232971176e-5
19918,1.532402654121397e-6
19919,1.2259221232971176e-5
19920,1.7929111053220344e-4
19921,3.371285839067073e-5
19922,1.6856429195335365e-5
19923,4.75044822777633e-5
19924,3.984246900715632e-5
19925,3.064805308242794e-6
19926,1.6856429195335365e-5
19927,3.064805308242794e-6
19928,1.532402654121397e-5
19929,3.524526104479213e-5
19930,1.532402654121397e-6
19931,3.064805308242794e-6
19932,6.129610616485588e-6
19933,4.597207962364191e-6
19934,4.597207962364191e-6
19935,7.662013270606985e-6
19936,5.8231300856613086e-5
19937,5.3634092894248895e-5
19938,2.9115650428306543e-5
19939,4.597207962364191e-6
19940,4.597207962364191e-6
19941,2.7583247774185145e-5
19942,4.9036884931884704e-5
19943,7.508773005194845e-5
19944,4.597207962364191e-6
19945,6.129610616485588e-6
19947,1.2259221232971176e-5
19948,3.524526104479213e-5
19949,3.831006635303492e-5
19950,6.129610616485588e-6
19951,1.0726818578849778e-5
19952,2.2986039811820954e-5
19953,1.532402654121397e-6
19954,2.099391636146314e-4
19955,8.581454863079822e-5
19956,4.597207962364191e-6
19957,1.0726818578849778e-5
19958,1.8388831849456763e-5
19959,4.597207962364191e-6
19960,9.194415924728382e-6
19961,4.597207962364191e-6
19962,6.129610616485588e-6
19963,3.2180455736549336e-5
19965,1.532402654121397e-5
19966,3.064805308242794e-6
19967,4.597207962364191e-6
19968,1.3791623887092572e-5
19969,4.597207962364191e-6
19970,4.597207962364191e-6
19971,3.371285839067073e-5
19972,1.0726818578849778e-5
19973,6.129610616485588e-6
19974,1.992123450357816e-4
19975,1.563050707203825e-4
19976,1.532402654121397e-6
19977,1.8388831849456763e-5
19978,3.831006635303492e-5
19979,1.532402654121397e-6
19981,9.194415924728382e-6
19982,9.194415924728382e-6
19983,7.662013270606985e-6
19984,2.2986039811820954e-5
19985,4.597207962364191e-6
19986,6.129610616485588e-6
19987,6.129610616485588e-6
19988,9.194415924728382e-6
19989,2.2986039811820954e-5
19990,1.532402654121397e-6
19991,1.532402654121397e-6
19992,7.662013270606985e-6
19993,8.274974332255543e-5
19994,9.194415924728382e-6
19995,1.2259221232971176e-5
19996,4.597207962364191e-6
19997,1.532402654121397e-6
19998,6.129610616485588e-6
19999,7.662013270606985e-6
20000,4.597207962364191e-6
20001,1.3791623887092572e-5
20002,4.597207962364191e-6
20003,5.8231300856613086e-5
20004,4.597207962364191e-6
20005,3.064805308242794e-6
20006,6.129610616485588e-6
20007,3.064805308242794e-5
20009,7.662013270606985e-6
20010,6.129610616485588e-6
20012,3.524526104479213e-5
20013,7.662013270606985e-6
20014,3.064805308242794e-6
20015,1.3485143356268292e-4
20016,3.6777663698913526e-5
20017,2.1453637157699556e-5
20019,3.064805308242794e-6
20020,6.129610616485588e-6
20021,6.129610616485588e-6
20022,3.04948128170158e-4
20023,3.064805308242794e-5
20025,2.1453637157699556e-5
20026,4.597207962364191e-6
20027,1.3791623887092572e-5
20028,4.7810962808587584e-4
20029,5.8231300856613086e-5
20030,3.371285839067073e-5
20031,2.1453637157699556e-5
20032,6.834515837381431e-4
20033,1.0726818578849778e-5
20034,1.7162909726159645e-4
20035,9.194415924728382e-6
20036,2.4518442465942352e-5
20037,7.662013270606985e-6
20038,2.2986039811820954e-5
20039,9.194415924728382e-6
20040,4.597207962364191e-6
20041,4.520587829658121e-4
20042,3.064805308242794e-6
20043,1.2259221232971176e-5
20044,4.597207962364191e-6
20045,1.471106547956541e-4
20046,1.532402654121397e-6
20047,4.597207962364191e-6
20048,6.129610616485588e-6
20049,7.662013270606985e-6
20050,2.4518442465942352e-5
20051,5.2101690240127493e-5
20052,4.995632652435754e-4
20053,2.2986039811820954e-5
20054,4.597207962364191e-6
20055,1.532402654121397e-6
20056,4.597207962364191e-5
20057,8.428214597667684e-5
20058,3.064805308242794e-5
20059,7.662013270606985e-6
20060,1.532402654121397e-6
20061,1.486430574497755e-4
20062,4.597207962364191e-6
20063,1.532402654121397e-6
20064,2.1453637157699556e-5
20065,1.532402654121397e-6
20067,9.194415924728382e-6
20068,4.597207962364191e-6
20069,5.3634092894248895e-5
20070,1.2259221232971176e-5
20071,4.597207962364191e-6
20072,6.129610616485588e-6
20073,1.8388831849456763e-5
20074,6.129610616485588e-6
20075,7.662013270606985e-6
20076,4.597207962364191e-6
20077,3.064805308242794e-6
20078,7.662013270606985e-6
20079,6.129610616485588e-6
20080,9.194415924728382e-6
20081,1.532402654121397e-6
20082,1.532402654121397e-5
20083,6.129610616485588e-5
20084,2.6050845120063747e-5
20085,9.194415924728382e-6
20086,6.129610616485588e-6
20087,6.129610616485588e-6
20088,3.064805308242794e-6
20089,7.662013270606985e-6
20090,4.597207962364191e-6
20091,5.6698898202491684e-5
20092,4.137487166127772e-5
20093,7.662013270606985e-6
20094,1.532402654121397e-6
20095,1.6856429195335365e-5
20096,1.3791623887092572e-5
20097,4.9036884931884704e-5
20098,1.532402654121397e-6
20100,4.443967696952051e-5
20101,3.2180455736549336e-5
20102,4.597207962364191e-6
20103,3.2640176532785755e-4
20104,6.129610616485588e-6
20105,2.2986039811820954e-5
20106,1.3791623887092572e-5
20107,3.7850345556798506e-4
20108,1.8388831849456763e-5
20109,2.4518442465942352e-5
20110,6.436091147309867e-5
20111,7.662013270606985e-6
20112,3.371285839067073e-5
20113,0.0011860796542899612
20114,6.129610616485588e-6
20115,1.8235591584044624e-4
20116,7.707985350230627e-4
20117,4.597207962364191e-5
20118,7.202292474370565e-5
20119,5.05692875860061e-5
20120,1.0726818578849778e-5
20121,4.9036884931884704e-5
20122,1.2259221232971176e-5
20124,3.524526104479213e-5
20125,3.064805308242794e-6
20126,7.662013270606985e-6
20127,1.2259221232971176e-5
20128,1.6856429195335365e-5
20129,4.597207962364191e-6
20130,1.992123450357816e-5
20131,6.129610616485588e-6
20132,1.532402654121397e-6
20133,4.459291723493265e-4
20134,1.0726818578849778e-5
20136,1.2259221232971176e-5
20137,3.064805308242794e-6
20138,3.064805308242794e-6
20139,1.532402654121397e-6
20140,4.597207962364191e-6
20142,1.532402654121397e-6
20143,4.597207962364191e-5
20144,4.597207962364191e-6
20145,1.532402654121397e-6
20146,1.3791623887092572e-5
20147,1.532402654121397e-6
20148,2.7736488039597286e-4
20149,1.532402654121397e-6
20150,1.532402654121397e-5
20151,3.064805308242794e-5
20152,1.8388831849456763e-5
20153,4.597207962364191e-6
20154,3.064805308242794e-6
20155,1.532402654121397e-6
20156,4.597207962364191e-6
20157,2.9115650428306543e-5
20158,1.0726818578849778e-5
20159,5.6698898202491684e-5
20160,1.2718942029207595e-4
20161,6.129610616485588e-6
20162,7.508773005194845e-5
20163,6.282850881897727e-5
20164,1.532402654121397e-6
20165,7.662013270606985e-6
20166,6.129610616485588e-6
20168,2.1453637157699556e-5
20169,1.1799500436734756e-4
20170,3.2180455736549336e-5
20171,9.194415924728382e-6
20172,1.0726818578849778e-5
20173,1.6856429195335365e-5
20174,3.984246900715632e-5
20175,1.3791623887092572e-5
20176,4.290727431539911e-5
20177,3.524526104479213e-5
20178,1.532402654121397e-6
20179,1.6856429195335365e-5
20180,2.1453637157699556e-5
20181,1.6856429195335365e-5
20182,1.0726818578849778e-5
20183,6.129610616485588e-6
20184,7.662013270606985e-6
20185,1.1186539375086198e-4
20186,3.064805308242794e-6
20187,1.3791623887092572e-5
20188,1.532402654121397e-6
20189,3.064805308242794e-6
20190,4.9036884931884704e-5
20191,4.597207962364191e-6
20192,1.2259221232971176e-5
20193,6.129610616485588e-6
20194,4.597207962364191e-6
20195,1.532402654121397e-6
20196,4.597207962364191e-6
20197,6.129610616485588e-6
20198,3.064805308242794e-6
20199,1.0573578313437639e-4
20200,1.532402654121397e-6
20201,2.4518442465942352e-5
20202,1.532402654121397e-6
20203,2.4518442465942352e-5
20204,9.194415924728382e-6
20207,3.064805308242794e-6
20208,6.129610616485588e-6
20209,6.037666457238304e-4
20210,8.428214597667684e-5
20211,1.0726818578849778e-5
20212,3.064805308242794e-6
20213,4.397995617328409e-4
20214,1.0726818578849778e-5
20215,1.532402654121397e-5
20216,4.597207962364191e-6
20217,3.524526104479213e-5
20218,7.662013270606985e-6
20219,3.064805308242794e-6
20220,3.064805308242794e-6
20221,9.96061725178908e-5
20222,1.532402654121397e-5
20223,3.064805308242794e-6
20224,3.2180455736549336e-5
20225,5.516649554837029e-5
20226,8.382242518044041e-4
20227,2.4518442465942352e-5
20228,3.064805308242794e-6
20229,2.635732565088803e-4
20230,1.3791623887092572e-5
20231,1.532402654121397e-5
20232,9.194415924728382e-6
20233,3.064805308242794e-6
20234,6.819191810840216e-4
20235,1.6396708399098948e-4
20236,1.2259221232971176e-5
20237,3.064805308242794e-6
20238,1.7622630522396064e-4
20240,1.0726818578849778e-5
20241,6.129610616485588e-6
20242,1.532402654121397e-6
20243,2.1147156626875278e-4
20244,3.064805308242794e-6
20245,9.6541367209648e-5
20247,4.597207962364191e-6
20248,1.532402654121397e-6
20249,4.597207962364191e-6
20250,1.532402654121397e-5
20251,1.3791623887092572e-5
20252,7.662013270606985e-6
20253,1.0726818578849778e-5
20254,3.064805308242794e-6
20255,6.129610616485588e-6
20256,2.9115650428306543e-5
20257,1.0726818578849778e-5
20258,4.597207962364191e-6
20259,4.597207962364191e-5
20260,2.6050845120063747e-5
20262,7.662013270606985e-6
20263,7.662013270606985e-6
20264,3.064805308242794e-6
20265,3.5704981841028547e-4
20266,3.064805308242794e-6
20267,9.194415924728382e-6
20268,9.194415924728382e-6
20269,1.0726818578849778e-5
20270,7.662013270606985e-6
20271,1.1339779640498337e-4
20272,4.597207962364191e-6
20273,1.2259221232971176e-5
20274,6.129610616485588e-6
20275,1.8388831849456763e-5
20276,1.532402654121397e-6
20277,3.2180455736549336e-5
20278,6.129610616485588e-6
20279,1.532402654121397e-6
20280,7.049052208958426e-5
20281,1.532402654121397e-6
20282,6.129610616485588e-6
20283,4.597207962364191e-6
20284,4.597207962364191e-6
20285,1.1493019905910477e-4
20286,1.532402654121397e-5
20287,9.194415924728382e-6
20288,3.064805308242794e-6
20289,7.662013270606985e-6
20290,3.064805308242794e-5
20291,2.7583247774185145e-5
20292,6.129610616485588e-6
20293,1.3638383621680434e-4
20294,1.532402654121397e-5
20295,6.129610616485588e-6
20296,3.064805308242794e-6
20297,1.0726818578849778e-5
20298,1.532402654121397e-5
20299,6.129610616485588e-6
20300,3.064805308242794e-6
20301,2.6050845120063747e-5
20302,7.662013270606985e-6
20303,7.662013270606985e-6
20304,1.532402654121397e-6
20305,6.129610616485588e-6
20306,4.597207962364191e-6
20307,3.064805308242794e-6
20308,1.532402654121397e-6
20309,1.8388831849456763e-5
20310,1.532402654121397e-6
20311,3.064805308242794e-6
20312,3.524526104479213e-5
20313,1.3638383621680434e-4
20314,7.662013270606985e-6
20315,6.129610616485588e-6
20316,4.597207962364191e-6
20317,3.064805308242794e-6
20318,9.194415924728382e-5
20319,1.2259221232971176e-5
20320,3.371285839067073e-5
20321,2.2066598219348116e-4
20322,3.831006635303492e-5
20323,4.597207962364191e-6
20324,7.662013270606985e-6
20326,3.831006635303492e-5
20327,7.95316977489005e-4
20329,8.581454863079822e-5
20330,1.2259221232971176e-5
20331,2.482492299676663e-4
20332,7.830577562560338e-4
20333,6.129610616485588e-6
20334,4.597207962364191e-6
20335,1.0726818578849778e-5
20336,7.662013270606985e-6
20337,6.129610616485588e-6
20338,1.532402654121397e-6
20339,9.194415924728382e-6
20340,7.662013270606984e-5
20341,3.064805308242794e-6
20343,4.9036884931884704e-5
20344,2.2986039811820954e-5
20345,1.532402654121397e-6
20346,7.662013270606985e-6
20347,4.597207962364191e-6
20348,3.524526104479213e-5
20349,9.194415924728382e-6
20350,3.064805308242794e-6
20351,6.129610616485588e-6
20352,3.064805308242794e-6
20353,1.0726818578849778e-5
20355,9.041175659316241e-5
20356,1.0726818578849778e-5
20357,3.6777663698913526e-5
20358,1.2259221232971176e-5
20359,7.662013270606985e-6
20360,1.6856429195335365e-5
20361,2.2986039811820954e-5
20362,9.194415924728382e-6
20363,4.597207962364191e-6
20364,1.3791623887092572e-5
20365,3.064805308242794e-6
20366,1.532402654121397e-6
20367,4.597207962364191e-6
20368,3.064805308242794e-6
20369,1.532402654121397e-6
20370,6.129610616485588e-6
20371,4.597207962364191e-5
20372,3.2180455736549336e-5
20373,4.597207962364191e-6
20374,4.597207962364191e-6
20375,2.7583247774185145e-5
20376,3.064805308242794e-6
20377,3.064805308242794e-5
20378,1.532402654121397e-5
20379,1.532402654121397e-5
20380,2.3905481404293792e-4
20381,2.957537122454296e-4
20382,1.3791623887092572e-5
20383,1.2259221232971176e-5
20384,4.597207962364191e-6
20385,3.631794290267711e-4
20386,1.532402654121397e-6
20387,3.064805308242794e-6
20388,3.064805308242794e-6
20389,1.532402654121397e-6
20391,3.064805308242794e-6
20392,1.2412461498383315e-4
20393,9.194415924728382e-6
20394,1.3791623887092572e-5
20395,4.597207962364191e-6
20396,1.93082734419296e-4
20397,1.3791623887092572e-5
20398,3.064805308242794e-6
20399,4.597207962364191e-6
20400,7.095024288582067e-4
20401,3.064805308242794e-6
20402,2.926889069371868e-4
20403,1.0726818578849778e-5
20404,1.3791623887092572e-5
20405,1.394486415250471e-4
20406,9.194415924728382e-6
20407,2.0687435830638859e-4
20408,9.194415924728382e-6
20409,4.597207962364191e-6
20410,1.992123450357816e-5
20411,1.532402654121397e-6
20412,5.516649554837029e-5
20413,7.662013270606985e-6
20414,0.00235836768469283
20415,1.8388831849456763e-5
20416,3.831006635303492e-5
20417,3.524526104479213e-5
20418,9.133119818563526e-4
20419,1.532402654121397e-6
20420,7.662013270606985e-6
20421,1.6243468133686807e-4
20422,2.3445760608057373e-4
20423,4.597207962364191e-6
20424,7.662013270606985e-6
20425,0.0014312640789493848
20427,1.3791623887092572e-5
20428,6.129610616485588e-6
20429,1.0726818578849778e-5
20430,3.064805308242794e-6
20431,1.0726818578849779e-4
20432,6.129610616485588e-6
20433,6.129610616485588e-6
20434,3.6777663698913526e-5
20435,3.386609865608287e-4
20436,4.597207962364191e-6
20437,1.992123450357816e-5
20438,1.0726818578849778e-5
20439,1.0726818578849778e-5
20440,4.597207962364191e-6
20441,4.9036884931884704e-5
20442,3.371285839067073e-5
20443,6.129610616485588e-6
20444,3.064805308242794e-5
20445,3.064805308242794e-6
20446,3.6777663698913526e-5
20447,2.1453637157699556e-5
20448,4.597207962364191e-6
20449,9.194415924728382e-6
20450,2.7583247774185145e-5
20451,4.597207962364191e-6
20452,6.129610616485588e-6
20453,1.532402654121397e-6
20454,3.064805308242794e-6
20455,3.064805308242794e-6
20457,5.2101690240127493e-5
20458,8.167706146467046e-4
20459,9.194415924728382e-6
20460,1.532402654121397e-6
20461,7.662013270606985e-6
20462,9.194415924728382e-6
20463,2.8655929632070124e-4
20464,6.742571678134146e-5
20465,3.064805308242794e-6
20466,1.2259221232971176e-5
20467,7.662013270606985e-6
20468,8.887935393904103e-5
20469,1.992123450357816e-5
20470,1.532402654121397e-6
20471,6.589331412722007e-5
20472,9.194415924728382e-6
20473,1.532402654121397e-6
20474,6.129610616485588e-6
20475,3.064805308242794e-6
20476,3.064805308242794e-6
20477,4.597207962364191e-6
20478,6.282850881897727e-5
20479,6.129610616485588e-6
20480,9.194415924728382e-6
20481,7.662013270606985e-6
20482,6.129610616485588e-6
20483,1.1033299109674058e-4
20484,4.597207962364191e-6
20485,7.662013270606985e-6
20486,2.2986039811820954e-5
20487,3.6777663698913526e-4
20488,4.597207962364191e-6
20489,3.524526104479213e-5
20490,4.9036884931884704e-5
20491,3.6777663698913526e-5
20492,4.443967696952051e-5
20493,1.532402654121397e-5
20494,7.662013270606985e-6
20495,4.597207962364191e-5
20496,3.064805308242794e-5
20497,3.064805308242794e-6
20498,3.064805308242794e-6
20499,6.129610616485588e-6
20500,1.532402654121397e-5
20501,2.2986039811820954e-5
20502,9.194415924728382e-6
20503,3.064805308242794e-6
20504,1.532402654121397e-6
20505,1.532402654121397e-6
20506,1.2259221232971176e-5
20507,3.1107773878664356e-4
20508,4.597207962364191e-6
20509,4.597207962364191e-6
20510,7.662013270606985e-6
20511,4.597207962364191e-6
20512,6.129610616485588e-6
20513,6.129610616485588e-6
20514,6.129610616485588e-6
20515,4.597207962364191e-6
20516,6.129610616485588e-6
20517,4.597207962364191e-6
20518,6.129610616485588e-6
20519,2.9115650428306543e-5
20520,1.0726818578849778e-5
20521,7.662013270606985e-6
20522,9.194415924728382e-6
20523,3.064805308242794e-6
20524,4.597207962364191e-6
20525,3.9229507945507763e-4
20526,3.064805308242794e-5
20527,1.532402654121397e-6
20528,1.532402654121397e-6
20529,7.662013270606985e-6
20530,4.597207962364191e-6
20531,1.6856429195335365e-5
20532,1.0726818578849778e-5
20533,2.1453637157699556e-5
20534,1.532402654121397e-6
20535,3.064805308242794e-6
20536,1.3791623887092572e-5
20537,1.532402654121397e-6
20538,1.532402654121397e-6
20539,1.0726818578849778e-5
20540,6.129610616485588e-6
20542,7.662013270606985e-6
20543,1.3791623887092572e-5
20544,9.194415924728382e-6
20545,4.597207962364191e-6
20546,3.064805308242794e-6
20547,4.597207962364191e-6
20548,3.064805308242794e-6
20549,1.0726818578849778e-5
20550,1.532402654121397e-5
20551,1.532402654121397e-6
20552,9.194415924728382e-6
20553,6.129610616485588e-6
20554,1.6090227868274668e-4
20555,1.8388831849456763e-5
20556,7.662013270606985e-6
20557,6.129610616485588e-6
20558,3.064805308242794e-5
20559,8.274974332255543e-5
20560,2.022771503440244e-4
20561,3.064805308242794e-6
20562,4.352023537704767e-4
20563,2.6050845120063747e-5
20564,4.597207962364191e-6
20565,4.597207962364191e-6
20566,1.6856429195335367e-4
20567,4.597207962364191e-6
20568,6.129610616485588e-6
20569,3.064805308242794e-6
20570,0.0034111283080742296
20571,2.1453637157699556e-5
20572,9.807376986376941e-5
20573,3.064805308242794e-6
20574,4.597207962364191e-6
20575,3.064805308242794e-6
20576,5.3634092894248895e-5
20577,1.3791623887092572e-5
20579,7.662013270606985e-6
20580,4.75044822777633e-5
20581,1.2259221232971176e-5
20582,3.2180455736549336e-5
20583,1.532402654121397e-6
20584,4.597207962364191e-6
20585,6.129610616485588e-6
20586,4.597207962364191e-6
20587,6.129610616485588e-6
20588,1.532402654121397e-6
20589,1.6856429195335365e-5
20590,9.194415924728382e-6
20591,3.064805308242794e-6
20592,5.05692875860061e-5
20593,1.3025422560031873e-4
20594,1.532402654121397e-6
20595,8.887935393904103e-5
20596,7.662013270606985e-6
20597,7.662013270606985e-6
20598,3.034157255160366e-4
20599,1.6396708399098948e-4
20600,4.597207962364191e-6
20601,4.137487166127772e-5
20602,1.532402654121397e-5
20603,7.662013270606985e-6
20604,3.371285839067073e-5
20605,2.6050845120063747e-5
20606,1.3638383621680434e-4
20607,1.0726818578849778e-5
20608,1.6856429195335365e-5
20609,9.194415924728382e-6
20610,4.290727431539911e-5
20611,4.137487166127772e-5
20612,1.2259221232971176e-5
20613,9.194415924728382e-6
20614,1.2259221232971176e-5
20615,1.6856429195335365e-5
20616,1.0726818578849778e-5
20617,1.532402654121397e-6
20618,2.0687435830638859e-4
20619,9.194415924728382e-6
20620,1.8388831849456763e-5
20621,1.532402654121397e-5
20622,1.532402654121397e-6
20623,4.597207962364191e-6
20624,1.2259221232971176e-5
20625,9.194415924728382e-6
20626,1.3791623887092572e-5
20627,1.3791623887092572e-5
20628,1.992123450357816e-5
20629,2.2986039811820954e-5
20630,2.1453637157699556e-5
20631,1.3791623887092572e-5
20632,2.7583247774185145e-5
20633,1.2872182294619734e-4
20634,3.064805308242794e-6
20635,4.597207962364191e-6
20636,1.2259221232971176e-5
20637,2.9115650428306543e-5
20638,6.129610616485588e-6
20639,1.2259221232971176e-5
20643,2.4518442465942352e-5
20644,9.194415924728382e-6
20645,9.194415924728382e-6
20646,3.064805308242794e-5
20647,7.662013270606985e-6
20648,4.597207962364191e-6
20649,1.2259221232971176e-5
20650,9.194415924728382e-6
20651,3.064805308242794e-6
20652,1.0726818578849778e-5
20653,4.597207962364191e-6
20654,4.597207962364191e-6
20655,6.129610616485588e-6
20656,3.2180455736549336e-5
20657,5.2101690240127493e-5
20658,1.8388831849456763e-5
20659,1.0726818578849778e-5
20660,1.532402654121397e-5
20661,3.064805308242794e-6
20662,3.064805308242794e-6
20663,6.129610616485588e-6
20664,1.532402654121397e-6
20665,3.064805308242794e-6
20666,9.194415924728382e-6
20667,1.532402654121397e-6
20668,3.064805308242794e-6
20669,3.064805308242794e-6
20670,1.532402654121397e-6
20671,4.597207962364191e-6
20672,8.121734066843403e-5
20673,2.6050845120063747e-5
20674,7.662013270606985e-6
20675,9.194415924728382e-6
20676,1.2259221232971176e-5
20677,3.064805308242794e-6
20678,2.6050845120063747e-5
20679,4.597207962364191e-6
20680,4.597207962364191e-6
20681,3.064805308242794e-6
20682,2.7276767243360867e-4
20683,1.3791623887092572e-5
20684,4.597207962364191e-6
20685,2.513140352759091e-4
20686,3.524526104479213e-5
20687,3.064805308242794e-6
20688,4.443967696952051e-5
20689,1.1493019905910477e-4
20690,1.2565701763795454e-4
20691,3.064805308242794e-6
20692,0.0025621772376909755
20693,1.2259221232971176e-5
20694,1.2259221232971176e-5
20696,3.064805308242794e-6
20697,3.064805308242794e-6
20698,1.0726818578849778e-5
20699,1.1799500436734756e-4
20700,1.532402654121397e-6
20701,3.064805308242794e-5
20702,3.064805308242794e-6
20703,3.064805308242794e-6
20704,1.3791623887092572e-5
20705,2.6050845120063747e-5
20706,6.129610616485588e-6
20707,6.129610616485588e-6
20708,7.662013270606985e-6
20709,3.064805308242794e-6
20710,2.1453637157699556e-5
20711,9.96061725178908e-5
20712,1.532402654121397e-6
20713,1.0726818578849778e-5
20714,4.597207962364191e-6
20715,9.194415924728382e-6
20716,1.6856429195335365e-5
20718,1.0420338048025499e-4
20719,2.0687435830638859e-4
20720,1.532402654121397e-6
20721,1.532402654121397e-5
20722,1.3791623887092572e-5
20723,1.3178662825444015e-4
20724,1.992123450357816e-5
20725,3.064805308242794e-6
20726,1.532402654121397e-6
20727,1.8082351318632483e-4
20728,2.405872166970593e-4
20729,2.1453637157699556e-5
20730,2.9115650428306543e-5
20731,1.992123450357816e-5
20732,4.597207962364191e-6
20733,6.129610616485588e-5
20734,9.194415924728382e-6
20735,9.6541367209648e-5
20736,1.2259221232971176e-5
20737,1.3791623887092572e-5
20738,1.026709778261336e-4
20739,5.8231300856613086e-5
20740,4.597207962364191e-6
20741,6.129610616485588e-6
20742,8.229002252631902e-4
20743,1.992123450357816e-5
20744,4.597207962364191e-6
20745,3.2180455736549336e-5
20746,2.9115650428306543e-5
20747,4.597207962364191e-6
20748,1.3791623887092572e-5
20749,3.984246900715632e-4
20750,3.524526104479213e-5
20751,0.00015783747337450388
20752,4.137487166127772e-5
20753,3.3559618125258593e-4
20754,6.129610616485588e-6
20755,3.064805308242794e-6
20756,1.532402654121397e-6
20757,1.532402654121397e-5
20758,2.5591124323827327e-4
20759,7.815253536019124e-4
20760,1.6856429195335365e-5
20761,7.202292474370565e-5
20762,2.2986039811820954e-5
20763,4.597207962364191e-5
20764,2.2986039811820954e-5
20765,4.597207962364191e-6
20766,7.662013270606985e-6
20767,4.597207962364191e-6
20768,3.831006635303492e-5
20769,9.194415924728382e-6
20770,3.6777663698913526e-5
20771,1.532402654121397e-6
20772,4.597207962364191e-5
20774,3.524526104479213e-5
20775,3.2180455736549336e-5
20776,1.992123450357816e-5
20777,4.597207962364191e-6
20778,1.532402654121397e-6
20779,9.194415924728382e-6
20780,6.129610616485588e-6
20781,1.532402654121397e-6
20782,3.064805308242794e-6
20783,3.064805308242794e-6
20784,1.6856429195335365e-5
20786,4.597207962364191e-6
20787,1.5324026541213968e-4
20788,7.662013270606985e-6
20789,1.532402654121397e-5
20790,4.597207962364191e-6
20791,2.2986039811820954e-4
20792,2.880916989748226e-4
20793,5.685213846790383e-4
20794,9.194415924728382e-6
20795,9.50089645555266e-5
20796,1.2259221232971176e-5
20797,9.347656190140522e-5
20798,1.532402654121397e-6
20799,3.064805308242794e-6
20800,1.992123450357816e-5
20801,7.662013270606985e-6
20802,9.194415924728382e-6
20803,6.129610616485588e-6
20804,4.597207962364191e-6
20805,2.9115650428306543e-5
20806,1.2105980967559036e-4
20807,1.532402654121397e-6
20808,3.064805308242794e-6
20809,2.2986039811820954e-5
20810,1.0726818578849778e-5
20811,7.662013270606985e-6
20813,1.8388831849456763e-5
20814,4.290727431539911e-5
20815,1.0726818578849778e-5
20816,4.597207962364191e-6
20817,2.1453637157699556e-5
20818,2.1453637157699556e-5
20819,9.194415924728382e-6
20821,7.662013270606985e-6
20822,4.597207962364191e-6
20823,6.129610616485588e-6
20824,6.129610616485588e-6
20825,2.4518442465942352e-5
20826,7.662013270606985e-6
20827,1.0726818578849778e-5
20828,4.597207962364191e-6
20829,3.064805308242794e-6
20830,4.597207962364191e-6
20832,1.532402654121397e-5
20833,4.597207962364191e-6
20834,2.1453637157699556e-5
20836,9.194415924728382e-6
20837,1.532402654121397e-6
20838,6.129610616485588e-6
20839,3.064805308242794e-6
20840,1.532402654121397e-5
20841,3.064805308242794e-6
20843,3.064805308242794e-6
20844,6.129610616485588e-6
20845,1.532402654121397e-6
20846,1.992123450357816e-5
20847,4.597207962364191e-6
20848,7.662013270606985e-6
20849,4.597207962364191e-6
20850,3.064805308242794e-6
20851,4.597207962364191e-6
20852,3.064805308242794e-6
20853,9.194415924728382e-6
20854,2.7583247774185145e-5
20855,1.532402654121397e-6
20856,2.7583247774185145e-5
20857,1.3791623887092572e-5
20858,1.532402654121397e-6
20859,6.129610616485588e-6
20860,1.532402654121397e-6
20861,9.6541367209648e-5
20863,1.532402654121397e-6
20864,9.194415924728382e-6
20865,1.6856429195335365e-5
20866,4.597207962364191e-6
20867,9.194415924728382e-6
20868,1.532402654121397e-6
20869,1.3791623887092572e-5
20870,1.992123450357816e-5
20871,2.7583247774185145e-5
20872,1.4098104417916853e-4
20873,7.662013270606985e-6
20874,5.869102165284951e-4
20875,4.597207962364191e-6
20876,9.194415924728382e-6
20877,1.532402654121397e-6
20878,4.597207962364191e-6
20879,1.532402654121397e-6
20880,1.532402654121397e-6
20881,4.597207962364191e-6
20882,6.129610616485588e-6
20883,4.597207962364191e-6
20884,4.597207962364191e-6
20885,7.662013270606985e-6
20886,1.3791623887092572e-5
20887,4.597207962364191e-6
20888,4.597207962364191e-6
20891,1.1339779640498337e-4
20892,1.2259221232971176e-5
20893,2.2986039811820954e-5
20895,4.597207962364191e-6
20896,1.532402654121397e-6
20897,3.064805308242794e-6
20898,1.532402654121397e-5
20899,6.129610616485588e-6
20900,1.532402654121397e-6
20901,6.742571678134146e-5
20902,1.532402654121397e-5
20903,6.895811943546286e-5
20904,6.129610616485588e-6
20905,1.992123450357816e-5
20906,3.371285839067073e-5
20908,1.0726818578849778e-5
20909,1.532402654121397e-6
20910,9.194415924728382e-6
20911,3.064805308242794e-6
20912,9.194415924728382e-6
20913,1.532402654121397e-6
20914,3.984246900715632e-5
20915,6.129610616485588e-6
20916,4.597207962364191e-6
20917,3.064805308242794e-6
20918,4.597207962364191e-6
20919,7.662013270606985e-6
20920,4.597207962364191e-6
20921,4.597207962364191e-6
20922,1.8388831849456763e-5
20925,1.992123450357816e-5
20926,9.194415924728382e-6
20927,7.662013270606985e-6
20928,7.662013270606985e-6
20929,5.2101690240127493e-5
20931,3.064805308242794e-6
20932,7.662013270606985e-6
20933,1.3791623887092572e-5
20935,1.992123450357816e-5
20937,4.597207962364191e-6
20938,1.0726818578849778e-5
20939,1.2259221232971176e-5
20940,6.436091147309867e-5
20941,4.597207962364191e-6
20942,1.8388831849456763e-5
20943,1.8388831849456763e-5
20944,2.7583247774185145e-5
20945,3.984246900715632e-5
20946,4.597207962364191e-6
20947,4.2141072988338414e-4
20948,1.6856429195335365e-5
20949,1.532402654121397e-6
20950,4.597207962364191e-6
20951,4.597207962364191e-6
20952,1.2259221232971176e-5
20953,1.0726818578849778e-5
20954,1.532402654121397e-6
20955,6.129610616485588e-6
20956,4.597207962364191e-6
20957,1.2259221232971176e-5
20958,7.662013270606985e-6
20960,3.064805308242794e-6
20961,2.7583247774185145e-5
20962,9.194415924728382e-6
20963,2.4518442465942352e-5
20964,6.129610616485588e-6
20965,4.597207962364191e-6
20966,9.194415924728382e-6
20968,1.532402654121397e-6
20969,7.662013270606985e-6
20970,6.129610616485588e-6
20971,3.984246900715632e-5
20972,1.532402654121397e-6
20973,3.064805308242794e-6
20974,1.532402654121397e-6
20975,6.129610616485588e-6
20976,3.064805308242794e-6
20977,9.194415924728382e-6
20978,4.597207962364191e-6
20979,1.0726818578849778e-5
20980,1.8388831849456763e-5
20981,9.194415924728382e-6
20982,3.064805308242794e-6
20983,1.532402654121397e-6
20984,3.064805308242794e-6
20985,4.597207962364191e-6
20986,1.532402654121397e-6
20987,4.597207962364191e-6
20988,3.064805308242794e-6
20989,4.597207962364191e-6
20990,3.064805308242794e-6
20991,6.129610616485588e-6
20992,4.474615750034479e-4
20993,1.532402654121397e-6
20994,4.597207962364191e-6
20995,1.6856429195335365e-5
20996,1.0726818578849778e-5
20997,3.064805308242794e-6
20998,1.532402654121397e-6
20999,1.2259221232971176e-5
21000,1.992123450357816e-5
21001,1.532402654121397e-5
21002,3.064805308242794e-6
21003,4.597207962364191e-6
21004,7.662013270606985e-6
21005,9.194415924728382e-6
21006,4.443967696952051e-5
21007,7.662013270606985e-6
21008,4.597207962364191e-6
21009,7.662013270606985e-6
21010,1.532402654121397e-5
21011,4.597207962364191e-6
21012,4.597207962364191e-6
21013,1.532402654121397e-6
21014,3.064805308242794e-6
21015,4.597207962364191e-6
21016,4.597207962364191e-6
21017,4.597207962364191e-6
21019,3.064805308242794e-6
21020,1.532402654121397e-6
21021,3.064805308242794e-6
21022,9.347656190140522e-5
21023,4.597207962364191e-6
21024,9.194415924728382e-6
21025,1.2259221232971176e-5
21026,6.129610616485588e-6
21027,1.0726818578849778e-5
21028,1.532402654121397e-6
21029,1.6856429195335365e-5
21030,1.3791623887092572e-5
21031,1.532402654121397e-6
21033,4.597207962364191e-6
21034,6.129610616485588e-6
21035,3.2180455736549336e-5
21036,7.662013270606985e-6
21037,9.194415924728382e-6
21038,4.597207962364191e-6
21039,6.129610616485588e-6
21040,4.597207962364191e-6
21041,4.597207962364191e-6
21042,1.532402654121397e-6
21044,9.6541367209648e-5
21045,1.2259221232971176e-5
21046,3.064805308242794e-6
21047,3.371285839067073e-5
21049,4.597207962364191e-6
21050,7.662013270606985e-6
21051,6.129610616485588e-6
21052,9.194415924728382e-6
21053,6.129610616485588e-6
21054,4.597207962364191e-6
21055,5.2101690240127493e-5
21056,1.0726818578849778e-5
21057,4.597207962364191e-6
21058,1.532402654121397e-6
21059,1.532402654121397e-6
21060,4.597207962364191e-6
21061,4.597207962364191e-6
21062,4.597207962364191e-6
21063,3.064805308242794e-6
21064,7.9684938014312645e-05
21065,6.129610616485588e-6
21066,4.597207962364191e-6
21067,7.662013270606985e-6
21068,1.0726818578849778e-5
21069,4.597207962364191e-6
21070,1.3791623887092572e-5
21071,6.129610616485588e-6
21072,1.0726818578849778e-5
21073,3.064805308242794e-6
21074,9.194415924728382e-6
21075,9.194415924728382e-6
21076,1.8388831849456763e-5
21077,6.436091147309867e-5
21078,4.597207962364191e-6
21079,1.3791623887092572e-5
21080,4.1681352192101995e-4
21082,7.662013270606985e-6
21083,4.597207962364191e-6
21084,9.194415924728382e-6
21085,7.662013270606985e-6
21086,6.129610616485588e-6
21088,4.597207962364191e-6
21089,4.597207962364191e-6
21090,4.597207962364191e-6
21091,1.0880058844261918e-4
21092,4.597207962364191e-6
21093,1.0726818578849778e-5
21094,6.129610616485588e-6
21095,3.064805308242794e-6
21096,4.1681352192101995e-4
21097,3.064805308242794e-6
21098,6.129610616485588e-6
21099,3.064805308242794e-6
21101,6.129610616485588e-6
21102,4.597207962364191e-6
21103,5.516649554837029e-5
21104,1.6856429195335365e-5
21105,4.597207962364191e-6
21106,9.194415924728382e-6
21107,4.6278560154466186e-4
21108,1.532402654121397e-5
21109,4.75044822777633e-5
21110,1.3791623887092572e-5
21111,2.2986039811820954e-5
21113,9.194415924728382e-6
21115,9.194415924728382e-6
21116,6.129610616485588e-6
21117,2.6050845120063747e-5
21118,3.064805308242794e-6
21120,4.597207962364191e-6
21121,3.064805308242794e-6
21122,1.532402654121397e-6
21124,1.2259221232971176e-5
21125,3.064805308242794e-6
21126,4.137487166127772e-5
21127,6.129610616485588e-6
21128,4.597207962364191e-6
21129,7.662013270606985e-6
21130,1.0726818578849778e-5
21131,7.662013270606985e-6
21132,9.194415924728382e-6
21133,3.064805308242794e-6
21134,3.524526104479213e-5
21135,3.064805308242794e-5
21136,3.064805308242794e-6
21137,1.2259221232971176e-5
21138,1.2565701763795454e-4
21139,7.662013270606985e-6
21140,6.129610616485588e-6
21141,7.662013270606985e-6
21142,6.436091147309867e-5
21143,1.992123450357816e-5
21144,4.597207962364191e-6
21145,1.0726818578849778e-5
21146,7.662013270606985e-6
21147,1.532402654121397e-6
21148,3.2180455736549336e-5
21149,3.064805308242794e-6
21150,7.662013270606985e-6
21151,7.662013270606985e-6
21152,1.6856429195335365e-5
21153,9.041175659316241e-5
21154,1.2259221232971176e-5
21155,3.064805308242794e-6
21156,5.593269687543099e-4
21157,4.1681352192101995e-4
21158,4.2141072988338414e-4
21159,2.6050845120063747e-5
21160,3.064805308242794e-6
21161,2.7583247774185145e-5
21162,9.194415924728382e-6
21163,1.6856429195335365e-5
21164,1.900179291110532e-4
21165,4.137487166127772e-5
21166,1.992123450357816e-5
21167,3.064805308242794e-6
21169,3.064805308242794e-6
21170,2.7583247774185145e-5
21171,3.371285839067073e-5
21172,7.355532739782705e-5
21173,8.428214597667684e-5
21174,9.194415924728382e-6
21175,6.129610616485588e-6
21176,2.6050845120063747e-5
21177,3.6777663698913526e-5
21178,4.6278560154466186e-4
21179,6.129610616485588e-6
21180,7.662013270606985e-6
21181,6.129610616485588e-6
21182,3.064805308242794e-6
21183,9.194415924728382e-6
21184,6.129610616485588e-6
21185,4.597207962364191e-6
21186,4.597207962364191e-6
21187,7.662013270606985e-6
21188,4.597207962364191e-6
21189,6.589331412722007e-5
21190,4.137487166127772e-5
21191,6.129610616485588e-6
21192,6.129610616485588e-6
21193,7.815253536019124e-5
21194,3.064805308242794e-6
21195,6.129610616485588e-6
21196,7.662013270606985e-6
21197,4.597207962364191e-6
21198,3.064805308242794e-6
21200,9.194415924728382e-6
21201,4.597207962364191e-6
21202,3.064805308242794e-6
21203,1.0726818578849778e-5
21204,7.662013270606985e-6
21205,3.064805308242794e-6
21206,1.0573578313437639e-4
21207,2.9115650428306543e-5
21208,1.3178662825444015e-4
21209,1.3178662825444015e-4
21210,1.532402654121397e-6
21211,6.129610616485588e-6
21212,3.064805308242794e-6
21213,2.9115650428306543e-5
21214,1.992123450357816e-5
21215,3.064805308242794e-6
21216,1.8388831849456763e-5
21217,7.662013270606985e-6
21218,7.662013270606985e-6
21220,6.129610616485588e-6
21221,4.597207962364191e-6
21222,4.597207962364191e-6
21223,4.597207962364191e-6
21224,8.428214597667684e-5
21225,7.662013270606985e-6
21226,9.194415924728382e-6
21227,4.597207962364191e-6
21228,4.597207962364191e-6
21229,9.194415924728382e-6
21230,9.194415924728382e-6
21231,4.597207962364191e-6
21232,3.064805308242794e-6
21233,1.532402654121397e-6
21234,2.7583247774185145e-5
21235,7.662013270606985e-6
21236,7.662013270606985e-6
21237,1.2259221232971176e-5
21238,7.662013270606985e-6
21239,6.129610616485588e-6
21240,1.0726818578849778e-5
21241,1.532402654121397e-5
21242,4.597207962364191e-6
21243,4.474615750034479e-4
21245,4.597207962364191e-6
21246,1.501754601038969e-4
21247,4.597207962364191e-6
21248,5.8231300856613086e-5
21249,4.597207962364191e-5
21250,3.064805308242794e-6
21251,4.597207962364191e-6
21252,3.064805308242794e-6
21253,1.6856429195335365e-5
21254,1.8388831849456763e-5
21255,6.129610616485588e-6
21258,6.129610616485588e-6
21259,3.064805308242794e-6
21260,9.194415924728382e-6
21261,4.152811192668986e-4
21262,1.532402654121397e-6
21263,4.597207962364191e-6
21264,1.0726818578849778e-5
21265,1.532402654121397e-6
21266,9.194415924728382e-6
21267,6.129610616485588e-6
21268,6.129610616485588e-6
21269,4.597207962364191e-6
21270,6.129610616485588e-6
21271,4.597207962364191e-6
21272,3.064805308242794e-6
21273,3.064805308242794e-6
21274,3.064805308242794e-6
21275,1.6856429195335365e-5
21276,4.597207962364191e-6
21277,1.0726818578849778e-5
21278,3.064805308242794e-6
21279,9.194415924728382e-6
21283,7.662013270606985e-6
21284,3.064805308242794e-6
21285,7.662013270606985e-6
21286,4.597207962364191e-6
21288,4.597207962364191e-6
21289,1.532402654121397e-5
